#Res        AtomicFlx
 397.000      18.3955
 398.000      16.9732
 399.000      14.8628
 400.000      14.0321
 401.000      13.4070
 402.000      11.4357
 403.000      11.2441
 404.000      10.5880
 405.000       9.9537
 406.000       7.8162
 407.000       7.7224
 408.000       5.3649
 409.000       5.3337
 410.000       4.1262
 411.000       3.7362
 412.000       3.1155
 413.000       3.0076
 414.000       3.0297
 415.000       3.3767
 416.000       3.6196
 417.000       3.4147
 418.000       3.4594
 419.000       3.1142
 420.000       3.1474
 421.000       2.7030
 422.000       2.5233
 423.000       2.6226
 424.000       2.5215
 425.000       2.5351
 426.000       2.3164
 427.000       2.6135
 428.000       2.7252
 429.000       2.1971
 430.000       2.3710
 431.000       2.8516
 432.000       2.5936
 433.000       2.3229
 434.000       2.7702
 435.000       2.4721
 436.000       2.9600
 437.000       3.4004
 438.000       3.3249
 439.000       2.9428
 440.000       3.1449
 441.000       3.1958
 442.000       3.1891
 443.000       2.9257
 444.000       2.7215
 445.000       2.9717
 446.000       3.2267
 447.000       2.6000
 448.000       2.6603
 449.000       2.9506
 450.000       2.8208
 451.000       2.5040
 452.000       2.9913
 453.000       3.2420
 454.000       2.7934
 455.000       2.7479
 456.000       3.1994
 457.000       3.4536
 458.000       2.9970
 459.000       3.1883
 460.000       3.8654
 461.000       3.5605
 462.000       3.4318
 463.000       3.8393
 464.000       4.2610
 465.000       3.9861
 466.000       4.1160
 467.000       4.5689
 468.000       4.8309
 469.000       4.5238
 470.000       5.1253
 471.000       4.5216
 472.000       4.5136
 473.000       4.0082
 474.000       3.3237
 475.000       3.1427
 476.000       2.7745
 477.000       3.0188
 478.000       3.2619
 479.000       2.7452
 480.000       2.7899
 481.000       3.1185
 482.000       2.9473
 483.000       2.7070
 484.000       3.0496
 485.000       3.3607
 486.000       3.6887
 487.000       4.0205
 488.000       3.6522
 489.000       2.7753
 490.000       2.9141
 491.000       3.4931
 492.000       2.7808
 493.000       2.3004
 494.000       2.3333
 495.000       3.5491
 496.000       2.0570
 497.000       1.8202
 498.000       2.2021
 499.000       2.3006
 500.000       2.9081
 501.000       2.6493
 502.000       2.5937
 503.000       2.7303
 504.000       3.0002
 505.000       3.3228
 506.000       3.4576
 507.000       3.6324
 508.000       3.6440
 509.000       4.1137
 510.000       4.0959
 511.000       3.8443
 512.000       4.2574
 513.000       4.6430
 514.000       5.4915
 515.000       6.0365
 516.000       6.1986
 517.000       7.1408
 518.000       7.0274
 519.000       6.7817
 520.000       7.3489
 521.000       8.8505
 522.000      11.3470
 523.000      11.6854
 524.000      12.9225
