#Res        AtomicFlx
 749.000      13.2943
 750.000      12.7267
 751.000      12.8812
 752.000      12.1858
 753.000      12.9194
 754.000      11.6129
 755.000       9.4316
 756.000       8.5667
 757.000       8.8471
 758.000       6.8102
 759.000       5.7107
 760.000       5.8057
 761.000       5.3739
 762.000       5.2399
 763.000       5.3019
 764.000       4.4923
 765.000       3.9284
 766.000       4.0339
 767.000       4.5771
 768.000       4.7848
 769.000       3.9695
 770.000       4.1736
 771.000       3.9459
 772.000       4.2999
 773.000       3.7731
 774.000       3.7068
 775.000       3.5132
 776.000       3.5247
 777.000       3.6776
 778.000       3.1980
 779.000       3.2071
 780.000       3.6362
 781.000       3.1547
 782.000       2.8925
 783.000       3.3501
 784.000       3.6921
 785.000       2.5626
 786.000       2.5056
 787.000       2.2733
 788.000       2.2375
 789.000       2.6169
 790.000       2.7820
 791.000       2.8544
 792.000       3.0460
 793.000       3.3784
 794.000       3.1224
 795.000       2.8877
 796.000       3.0991
 797.000       3.2574
 798.000       2.8422
 799.000       2.9004
 800.000       3.2219
 801.000       3.2064
 802.000       2.9808
 803.000       3.1436
 804.000       3.6815
 805.000       3.1648
 806.000       3.1171
 807.000       3.5378
 808.000       3.6560
 809.000       3.4967
 810.000       3.5358
 811.000       3.9577
 812.000       4.0296
 813.000       3.7420
 814.000       4.0733
 815.000       4.3422
 816.000       4.3015
 817.000       4.3341
 818.000       4.6503
 819.000       4.9453
 820.000       4.7687
 821.000       4.9482
 822.000       5.4096
 823.000       5.2476
 824.000       5.3329
 825.000       5.4399
 826.000       4.5838
 827.000       4.5818
 828.000       4.3212
 829.000       4.2249
 830.000       4.2780
 831.000       3.8700
 832.000       3.8032
 833.000       3.7388
 834.000       3.4783
 835.000       3.3784
 836.000       3.6043
 837.000       3.4430
 838.000       3.3367
 839.000       3.7097
 840.000       3.3926
 841.000       3.0228
 842.000       3.1811
 843.000       3.1958
 844.000       3.0747
 845.000       3.3345
 846.000       3.2669
 847.000       3.3366
 848.000       3.1611
 849.000       3.5706
 850.000       3.8144
 851.000       4.2819
 852.000       4.8224
 853.000       4.1977
 854.000       4.0382
 855.000       3.9462
 856.000       3.8314
 857.000       3.8600
 858.000       3.6799
 859.000       3.7756
 860.000       3.5065
 861.000       3.6386
 862.000       3.7713
 863.000       3.9969
 864.000       4.0988
 865.000       4.4438
 866.000       4.5884
 867.000       4.2248
 868.000       4.6702
 869.000       5.9737
 870.000       6.9684
 871.000       8.4504
 872.000      10.1207
 873.000      11.0418
 874.000      12.7793
 875.000      13.6537
 876.000      15.4689
