#Res        AtomicFlx
 397.000       8.0902
 398.000       6.6618
 399.000       5.5599
 400.000       6.0180
 401.000       6.7906
 402.000       5.4481
 403.000       4.9556
 404.000       5.0551
 405.000       5.4296
 406.000       4.6751
 407.000       4.5588
 408.000       4.2078
 409.000       4.2909
 410.000       4.4008
 411.000       4.2998
 412.000       3.5621
 413.000       2.9852
 414.000       3.2112
 415.000       3.6624
 416.000       3.5416
 417.000       3.1926
 418.000       3.3858
 419.000       3.1049
 420.000       3.3754
 421.000       2.7399
 422.000       2.6603
 423.000       2.5881
 424.000       2.6712
 425.000       2.6521
 426.000       2.0872
 427.000       2.2975
 428.000       2.7079
 429.000       2.0619
 430.000       1.8161
 431.000       2.5912
 432.000       2.6077
 433.000       1.9037
 434.000       2.3941
 435.000       1.5847
 436.000       1.7982
 437.000       2.3115
 438.000       2.2577
 439.000       1.9260
 440.000       1.9478
 441.000       2.2965
 442.000       2.1153
 443.000       1.8328
 444.000       2.0667
 445.000       2.3513
 446.000       2.0776
 447.000       1.8606
 448.000       2.2566
 449.000       2.4147
 450.000       2.1301
 451.000       2.0932
 452.000       2.8275
 453.000       2.6989
 454.000       2.3400
 455.000       2.5359
 456.000       2.9420
 457.000       3.0630
 458.000       2.7187
 459.000       3.0185
 460.000       3.5904
 461.000       3.2231
 462.000       3.1515
 463.000       3.5453
 464.000       3.8939
 465.000       3.5415
 466.000       3.6941
 467.000       4.4306
 468.000       4.2663
 469.000       3.9850
 470.000       4.5258
 471.000       3.9307
 472.000       4.0260
 473.000       3.6720
 474.000       3.0884
 475.000       2.8296
 476.000       2.4667
 477.000       2.7065
 478.000       3.0032
 479.000       2.5410
 480.000       2.5134
 481.000       3.0075
 482.000       2.8150
 483.000       2.5548
 484.000       3.2915
 485.000       3.5496
 486.000       3.3634
 487.000       3.5794
 488.000       3.0685
 489.000       2.6379
 490.000       2.7367
 491.000       2.7787
 492.000       2.2116
 493.000       2.3362
 494.000       2.7659
 495.000       4.1075
 496.000       2.0549
 497.000       1.7295
 498.000       2.0139
 499.000       2.0071
 500.000       2.4557
 501.000       2.3409
 502.000       2.3155
 503.000       2.6226
 504.000       2.9856
 505.000       3.1366
 506.000       3.3810
 507.000       3.4733
 508.000       3.5795
 509.000       3.9853
 510.000       4.0292
 511.000       3.7595
 512.000       4.0862
 513.000       4.4972
 514.000       5.2858
 515.000       6.3889
 516.000       6.3148
 517.000       7.7985
 518.000       8.3678
 519.000       8.2997
 520.000       9.9223
 521.000      10.5587
 522.000      12.3763
 523.000      12.4595
 524.000      13.8725
