#Res        AtomicFlx
 749.000      17.0849
 750.000      15.0907
 751.000      13.3056
 752.000      12.0321
 753.000      11.9957
 754.000      10.4070
 755.000       8.2137
 756.000       7.0037
 757.000       6.3273
 758.000       5.2890
 759.000       4.4787
 760.000       4.6746
 761.000       4.3760
 762.000       4.5443
 763.000       4.1901
 764.000       3.6316
 765.000       3.3495
 766.000       3.2356
 767.000       3.7180
 768.000       3.8906
 769.000       3.3810
 770.000       3.5170
 771.000       3.1797
 772.000       3.4375
 773.000       2.7482
 774.000       2.6317
 775.000       2.6043
 776.000       2.5483
 777.000       2.7033
 778.000       2.1031
 779.000       2.3743
 780.000       2.7187
 781.000       1.8663
 782.000       1.8215
 783.000       2.5390
 784.000       2.2817
 785.000       1.4366
 786.000       2.0338
 787.000       1.4489
 788.000       1.8803
 789.000       2.4834
 790.000       2.5629
 791.000       2.2597
 792.000       2.4543
 793.000       2.7302
 794.000       2.5704
 795.000       2.2190
 796.000       2.2882
 797.000       2.5993
 798.000       2.3646
 799.000       2.0576
 800.000       2.3943
 801.000       2.5625
 802.000       2.2903
 803.000       2.2529
 804.000       2.9192
 805.000       2.7632
 806.000       2.4887
 807.000       2.7475
 808.000       3.0870
 809.000       3.0843
 810.000       2.9955
 811.000       3.3154
 812.000       3.7688
 813.000       3.5024
 814.000       3.5818
 815.000       3.9494
 816.000       4.1528
 817.000       4.0695
 818.000       4.3021
 819.000       4.7202
 820.000       4.7817
 821.000       4.7753
 822.000       5.3256
 823.000       4.6541
 824.000       4.5534
 825.000       4.3356
 826.000       3.6723
 827.000       3.6379
 828.000       3.2875
 829.000       3.7481
 830.000       3.6959
 831.000       3.0853
 832.000       3.1607
 833.000       3.4163
 834.000       3.1763
 835.000       2.9175
 836.000       3.4519
 837.000       3.7334
 838.000       3.1520
 839.000       3.2205
 840.000       2.6950
 841.000       2.6057
 842.000       2.7809
 843.000       2.5620
 844.000       2.1053
 845.000       2.4059
 846.000       2.9799
 847.000       3.9075
 848.000       2.4493
 849.000       2.5006
 850.000       2.7988
 851.000       3.0263
 852.000       3.5345
 853.000       3.3181
 854.000       3.3518
 855.000       3.5565
 856.000       3.5441
 857.000       3.8690
 858.000       3.8493
 859.000       4.1133
 860.000       3.9627
 861.000       4.2696
 862.000       4.3688
 863.000       4.4525
 864.000       4.7464
 865.000       5.2226
 866.000       6.1883
 867.000       6.9472
 868.000       8.4832
 869.000      10.6351
 870.000      11.4655
 871.000      11.8350
 872.000      12.9071
 873.000      13.1708
 874.000      14.4137
 875.000      14.6211
 876.000      15.6891
