#Res        AtomicFlx
 749.000      12.0107
 750.000      10.3057
 751.000      10.1119
 752.000       8.2876
 753.000       8.2032
 754.000       8.8047
 755.000       8.0719
 756.000       8.1650
 757.000       9.0584
 758.000       8.2250
 759.000       9.1860
 760.000       7.5096
 761.000       6.9535
 762.000       6.5898
 763.000       6.3575
 764.000       5.7005
 765.000       5.5646
 766.000       5.0432
 767.000       5.1569
 768.000       5.4944
 769.000       4.6463
 770.000       4.5336
 771.000       4.5586
 772.000       4.8590
 773.000       4.4877
 774.000       4.9122
 775.000       4.9301
 776.000       5.2770
 777.000       5.2790
 778.000       4.6533
 779.000       5.0901
 780.000       5.4142
 781.000       4.8233
 782.000       4.4918
 783.000       5.4347
 784.000       5.4148
 785.000       4.5731
 786.000       4.8837
 787.000       4.0439
 788.000       4.4744
 789.000       5.2488
 790.000       5.2940
 791.000       4.7872
 792.000       4.7410
 793.000       4.9310
 794.000       4.4165
 795.000       4.1382
 796.000       4.3912
 797.000       4.3018
 798.000       3.6606
 799.000       3.7622
 800.000       4.0189
 801.000       3.8031
 802.000       3.4811
 803.000       3.7753
 804.000       4.0856
 805.000       3.4920
 806.000       3.5485
 807.000       3.9981
 808.000       3.9897
 809.000       3.8001
 810.000       4.0755
 811.000       4.4140
 812.000       4.4339
 813.000       4.3457
 814.000       4.7382
 815.000       4.9522
 816.000       4.9954
 817.000       5.2247
 818.000       5.5209
 819.000       5.7058
 820.000       5.8191
 821.000       6.1168
 822.000       6.5272
 823.000       6.1612
 824.000       6.0272
 825.000       6.1230
 826.000       5.3029
 827.000       5.5157
 828.000       5.2755
 829.000       5.4493
 830.000       5.2559
 831.000       4.6650
 832.000       4.8174
 833.000       4.9621
 834.000       4.3929
 835.000       4.3035
 836.000       4.8925
 837.000       4.7232
 838.000       3.9189
 839.000       4.0421
 840.000       3.4754
 841.000       3.6396
 842.000       4.0657
 843.000       3.6913
 844.000       3.4768
 845.000       3.8961
 846.000       4.0979
 847.000       4.7927
 848.000       4.1297
 849.000       4.4899
 850.000       4.7704
 851.000       5.2172
 852.000       5.8512
 853.000       5.3001
 854.000       5.2644
 855.000       5.3652
 856.000       5.3053
 857.000       5.6528
 858.000       5.7010
 859.000       6.2061
 860.000       6.0158
 861.000       6.5222
 862.000       6.8776
 863.000       6.9596
 864.000       7.2264
 865.000       7.8848
 866.000       8.7297
 867.000       9.7185
 868.000       9.9343
 869.000      11.9715
 870.000      10.9925
 871.000      10.3332
 872.000      11.2134
 873.000      10.6784
 874.000      11.8051
 875.000      12.1982
 876.000      13.2759
