#Res        AtomicFlx
 397.000      16.0242
 398.000      14.7470
 399.000      12.3204
 400.000      13.1878
 401.000      13.9011
 402.000      12.2899
 403.000      10.5535
 404.000      10.0060
 405.000       9.2881
 406.000       7.7527
 407.000       8.5445
 408.000       5.8149
 409.000       5.8665
 410.000       5.5944
 411.000       5.3628
 412.000       4.8308
 413.000       4.8390
 414.000       4.2903
 415.000       4.6312
 416.000       5.1947
 417.000       4.4922
 418.000       4.1873
 419.000       3.8820
 420.000       3.6825
 421.000       3.2880
 422.000       3.6111
 423.000       4.0740
 424.000       4.2118
 425.000       3.7081
 426.000       3.6740
 427.000       4.4750
 428.000       4.3463
 429.000       3.6509
 430.000       3.9330
 431.000       4.8976
 432.000       4.3354
 433.000       3.7228
 434.000       4.0654
 435.000       3.6846
 436.000       4.5249
 437.000       5.1875
 438.000       5.4323
 439.000       4.8790
 440.000       5.0030
 441.000       5.0878
 442.000       4.7113
 443.000       4.3182
 444.000       4.1372
 445.000       4.1967
 446.000       4.1324
 447.000       3.4719
 448.000       3.4169
 449.000       3.4986
 450.000       3.2344
 451.000       2.8667
 452.000       3.2070
 453.000       3.2619
 454.000       2.7387
 455.000       2.5487
 456.000       2.7699
 457.000       3.1148
 458.000       2.5164
 459.000       2.5258
 460.000       3.1126
 461.000       2.9358
 462.000       2.6676
 463.000       2.8468
 464.000       3.3371
 465.000       3.0793
 466.000       3.0326
 467.000       3.4175
 468.000       3.8621
 469.000       3.7145
 470.000       3.8690
 471.000       3.2919
 472.000       3.0634
 473.000       3.1248
 474.000       2.5501
 475.000       2.6271
 476.000       2.4295
 477.000       3.1806
 478.000       2.7409
 479.000       2.3401
 480.000       2.6843
 481.000       2.9752
 482.000       2.7682
 483.000       2.6780
 484.000       3.4323
 485.000       3.5513
 486.000       3.6116
 487.000       4.0567
 488.000       3.7614
 489.000       2.9671
 490.000       3.3346
 491.000       3.5583
 492.000       2.8352
 493.000       2.6243
 494.000       2.9207
 495.000       2.9132
 496.000       2.2322
 497.000       2.1054
 498.000       2.1537
 499.000       2.2638
 500.000       2.8633
 501.000       2.6459
 502.000       2.8461
 503.000       3.2548
 504.000       3.6291
 505.000       4.0627
 506.000       4.5935
 507.000       5.0541
 508.000       5.2921
 509.000       5.9841
 510.000       6.2229
 511.000       5.8877
 512.000       6.1863
 513.000       6.7612
 514.000       7.8929
 515.000       8.6824
 516.000      10.3479
 517.000      12.4448
 518.000      14.1875
 519.000      15.4050
 520.000      18.3967
 521.000      18.0206
 522.000      18.8242
 523.000      19.5427
 524.000      20.0514
