#Res        AtomicFlx
 397.000       7.7785
 398.000       6.4001
 399.000       5.4732
 400.000       5.4337
 401.000       7.0437
 402.000       7.4384
 403.000       8.8647
 404.000       9.8986
 405.000      10.9301
 406.000       9.8057
 407.000       9.5555
 408.000       6.8591
 409.000       6.5975
 410.000       5.2372
 411.000       4.6946
 412.000       3.9521
 413.000       3.5256
 414.000       3.3547
 415.000       3.7780
 416.000       3.9676
 417.000       3.2365
 418.000       3.2093
 419.000       2.9717
 420.000       3.1613
 421.000       2.6477
 422.000       2.8674
 423.000       2.9327
 424.000       3.0883
 425.000       3.2036
 426.000       2.4542
 427.000       2.8613
 428.000       3.1382
 429.000       2.4524
 430.000       2.1454
 431.000       2.8977
 432.000       2.8053
 433.000       2.3364
 434.000       2.7755
 435.000       1.9144
 436.000       2.1465
 437.000       2.8405
 438.000       2.8896
 439.000       2.5524
 440.000       2.6102
 441.000       2.9261
 442.000       2.6054
 443.000       2.2471
 444.000       2.4571
 445.000       2.5902
 446.000       2.1044
 447.000       1.9277
 448.000       2.2265
 449.000       2.2014
 450.000       1.8229
 451.000       1.9263
 452.000       2.4891
 453.000       2.0852
 454.000       1.8473
 455.000       2.1492
 456.000       2.3467
 457.000       2.3531
 458.000       2.2516
 459.000       2.5371
 460.000       2.9224
 461.000       2.6727
 462.000       2.7714
 463.000       3.0967
 464.000       3.3052
 465.000       3.2125
 466.000       3.3929
 467.000       4.1940
 468.000       3.9033
 469.000       3.9101
 470.000       4.2785
 471.000       3.7660
 472.000       3.7452
 473.000       3.5552
 474.000       2.9238
 475.000       2.9268
 476.000       2.6307
 477.000       2.9167
 478.000       2.9260
 479.000       2.4160
 480.000       2.7485
 481.000       2.9930
 482.000       2.5093
 483.000       2.3843
 484.000       3.3689
 485.000       3.2857
 486.000       2.6508
 487.000       3.0737
 488.000       2.4333
 489.000       2.2270
 490.000       2.6673
 491.000       2.5099
 492.000       1.9747
 493.000       2.1437
 494.000       2.3348
 495.000       3.7000
 496.000       2.1974
 497.000       2.2972
 498.000       2.3869
 499.000       2.5362
 500.000       3.0032
 501.000       2.6275
 502.000       2.7011
 503.000       2.7716
 504.000       3.2134
 505.000       3.1553
 506.000       3.4847
 507.000       3.6489
 508.000       3.7738
 509.000       4.1184
 510.000       4.3935
 511.000       4.2752
 512.000       4.3805
 513.000       4.7743
 514.000       5.6116
 515.000       6.3262
 516.000       6.2050
 517.000       7.7235
 518.000       7.8108
 519.000       7.3295
 520.000       8.3753
 521.000       8.7551
 522.000       9.7718
 523.000       9.9295
 524.000      11.3568
