#Res        AtomicFlx
 749.000       5.5953
 750.000       4.8537
 751.000       4.9239
 752.000       4.7641
 753.000       5.2655
 754.000       4.8418
 755.000       4.8949
 756.000       5.1796
 757.000       5.4934
 758.000       5.2365
 759.000       4.7598
 760.000       4.6709
 761.000       4.4431
 762.000       4.2383
 763.000       4.3962
 764.000       3.8046
 765.000       3.6193
 766.000       3.5149
 767.000       3.9344
 768.000       4.1736
 769.000       3.7361
 770.000       3.8255
 771.000       3.5120
 772.000       3.5829
 773.000       3.1024
 774.000       2.9089
 775.000       2.9596
 776.000       2.8684
 777.000       2.8109
 778.000       2.5070
 779.000       2.7738
 780.000       2.6117
 781.000       2.1885
 782.000       2.2371
 783.000       2.8126
 784.000       2.4506
 785.000       1.8372
 786.000       2.0977
 787.000       1.8653
 788.000       2.2540
 789.000       2.7994
 790.000       3.0149
 791.000       2.7690
 792.000       2.9955
 793.000       3.2561
 794.000       3.1547
 795.000       2.8227
 796.000       2.7942
 797.000       3.1089
 798.000       3.0772
 799.000       2.6476
 800.000       2.8863
 801.000       3.1246
 802.000       2.9290
 803.000       2.7544
 804.000       3.3388
 805.000       3.4112
 806.000       3.0738
 807.000       3.1643
 808.000       3.6177
 809.000       3.7715
 810.000       3.4924
 811.000       3.7163
 812.000       4.5039
 813.000       4.1126
 814.000       4.0057
 815.000       4.4057
 816.000       4.8385
 817.000       4.5577
 818.000       4.6384
 819.000       5.3423
 820.000       5.4159
 821.000       5.0915
 822.000       5.5186
 823.000       4.7642
 824.000       4.6383
 825.000       4.1226
 826.000       3.7708
 827.000       3.6810
 828.000       3.2793
 829.000       4.0868
 830.000       4.0120
 831.000       3.3125
 832.000       3.5695
 833.000       4.1756
 834.000       3.8168
 835.000       3.4679
 836.000       3.9542
 837.000       4.6063
 838.000       4.7435
 839.000       3.8564
 840.000       3.6976
 841.000       3.7241
 842.000       4.1522
 843.000       4.0697
 844.000       3.1494
 845.000       3.0907
 846.000       3.0632
 847.000       3.3289
 848.000       2.5854
 849.000       2.4080
 850.000       2.6410
 851.000       2.6134
 852.000       3.3135
 853.000       3.2685
 854.000       3.4074
 855.000       3.7425
 856.000       4.2374
 857.000       4.6264
 858.000       4.7675
 859.000       5.0421
 860.000       4.9327
 861.000       5.5661
 862.000       5.5000
 863.000       5.3916
 864.000       5.8278
 865.000       6.3090
 866.000       6.7555
 867.000       6.0102
 868.000       6.1271
 869.000       6.5376
 870.000       7.1774
 871.000       8.0212
 872.000       8.6813
 873.000       9.6968
 874.000      11.3263
 875.000      12.8958
 876.000      14.3911
