#Res        AtomicFlx
 749.000      12.3265
 750.000      11.0917
 751.000      10.1851
 752.000       9.2770
 753.000       8.3830
 754.000       7.8635
 755.000       8.6326
 756.000       9.0904
 757.000       9.5214
 758.000       8.7162
 759.000       8.8753
 760.000       7.8003
 761.000       6.9785
 762.000       6.9805
 763.000       7.0820
 764.000       6.3708
 765.000       5.8358
 766.000       5.9946
 767.000       6.6635
 768.000       6.8345
 769.000       6.2677
 770.000       6.3811
 771.000       5.8674
 772.000       5.9995
 773.000       4.9395
 774.000       4.8298
 775.000       5.0285
 776.000       4.8532
 777.000       4.3013
 778.000       4.1201
 779.000       4.5838
 780.000       4.2348
 781.000       3.4976
 782.000       3.6056
 783.000       4.4611
 784.000       3.7420
 785.000       2.9154
 786.000       3.3810
 787.000       2.8151
 788.000       3.6005
 789.000       4.2927
 790.000       4.8181
 791.000       4.5267
 792.000       4.8397
 793.000       5.3218
 794.000       5.0722
 795.000       4.4823
 796.000       4.5914
 797.000       5.1057
 798.000       4.6638
 799.000       4.0660
 800.000       4.6302
 801.000       4.9326
 802.000       4.4064
 803.000       4.1913
 804.000       5.2722
 805.000       5.1130
 806.000       4.4924
 807.000       4.7595
 808.000       5.4228
 809.000       5.4267
 810.000       4.9600
 811.000       5.4430
 812.000       6.3065
 813.000       5.7997
 814.000       5.7221
 815.000       6.2939
 816.000       6.7437
 817.000       6.3897
 818.000       6.5440
 819.000       7.2230
 820.000       7.3611
 821.000       7.0501
 822.000       7.7578
 823.000       6.7511
 824.000       6.7169
 825.000       5.8881
 826.000       5.4519
 827.000       5.1556
 828.000       4.5790
 829.000       5.3717
 830.000       5.5502
 831.000       4.7002
 832.000       4.6816
 833.000       5.4878
 834.000       5.1038
 835.000       4.6223
 836.000       5.1736
 837.000       5.7884
 838.000       5.1839
 839.000       4.5871
 840.000       4.3157
 841.000       4.1441
 842.000       4.1776
 843.000       3.1256
 844.000       2.8795
 845.000       3.3392
 846.000       3.1322
 847.000       4.5048
 848.000       3.2877
 849.000       3.1362
 850.000       3.7078
 851.000       3.6290
 852.000       4.2373
 853.000       4.6176
 854.000       4.7319
 855.000       5.3606
 856.000       5.6755
 857.000       6.3276
 858.000       6.4925
 859.000       7.0733
 860.000       6.9281
 861.000       7.8708
 862.000       8.0063
 863.000       7.8359
 864.000       8.3397
 865.000       9.0004
 866.000       9.4680
 867.000       9.8742
 868.000      10.4906
 869.000      10.3026
 870.000      10.5482
 871.000      11.1900
 872.000      11.1886
 873.000       9.0281
 874.000       9.5368
 875.000       9.7702
 876.000      10.0852
