#Res        AtomicFlx
 397.000      14.3009
 398.000      13.0496
 399.000      11.6013
 400.000      12.3407
 401.000      13.5108
 402.000      12.4414
 403.000      11.4643
 404.000      10.8707
 405.000      10.6939
 406.000       9.7857
 407.000       8.6071
 408.000       7.2319
 409.000       6.4648
 410.000       6.5774
 411.000       6.9594
 412.000       5.5582
 413.000       5.3327
 414.000       5.0531
 415.000       5.7952
 416.000       6.0170
 417.000       5.2261
 418.000       5.3145
 419.000       4.7469
 420.000       4.7627
 421.000       3.7076
 422.000       3.8406
 423.000       4.1183
 424.000       4.1058
 425.000       3.5034
 426.000       3.2705
 427.000       4.0386
 428.000       3.8018
 429.000       2.9489
 430.000       3.0242
 431.000       4.2061
 432.000       3.5754
 433.000       2.6980
 434.000       3.0832
 435.000       2.3197
 436.000       3.0072
 437.000       3.9536
 438.000       4.1461
 439.000       3.6966
 440.000       3.8701
 441.000       4.3110
 442.000       3.9498
 443.000       3.4437
 444.000       3.6387
 445.000       4.0263
 446.000       3.4884
 447.000       2.9986
 448.000       3.4882
 449.000       3.7238
 450.000       3.1832
 451.000       2.9627
 452.000       3.9777
 453.000       3.8155
 454.000       3.1886
 455.000       3.3770
 456.000       3.9949
 457.000       4.0267
 458.000       3.5075
 459.000       3.9009
 460.000       4.8276
 461.000       4.3083
 462.000       4.0550
 463.000       4.5466
 464.000       5.0346
 465.000       4.5343
 466.000       4.5858
 467.000       5.6676
 468.000       5.4047
 469.000       4.9648
 470.000       5.4923
 471.000       4.6097
 472.000       4.6829
 473.000       3.9894
 474.000       3.6737
 475.000       3.3207
 476.000       2.8939
 477.000       3.6331
 478.000       3.7598
 479.000       3.1408
 480.000       3.3544
 481.000       3.8480
 482.000       3.7162
 483.000       3.3525
 484.000       3.9837
 485.000       4.6543
 486.000       4.3361
 487.000       4.8302
 488.000       3.9978
 489.000       3.3789
 490.000       3.7204
 491.000       3.3953
 492.000       2.5840
 493.000       2.7539
 494.000       3.4796
 495.000       3.7746
 496.000       2.5546
 497.000       2.2085
 498.000       2.3769
 499.000       2.2124
 500.000       2.8154
 501.000       3.0278
 502.000       3.2279
 503.000       3.8560
 504.000       4.3072
 505.000       4.7418
 506.000       5.2354
 507.000       5.7374
 508.000       5.9572
 509.000       6.7121
 510.000       6.9268
 511.000       6.5750
 512.000       6.9113
 513.000       7.3778
 514.000       8.2725
 515.000      10.6556
 516.000      11.2013
 517.000      13.6456
 518.000      15.4116
 519.000      16.4933
 520.000      18.9906
 521.000      18.9427
 522.000      19.6884
 523.000      20.8007
 524.000      22.4314
