#Frame   AVERAGE_00010 AVERAGE_00010[SD]
       1        2.0611            0.4100
       2        2.0382            0.5725
       3        1.9105            0.3900
       4        2.2358            0.4337
       5        1.8604            0.2902
       6        1.7602            0.3004
       7        1.8354            0.1193
       8        2.0583            0.2951
       9        2.1772            0.3908
      10        2.6792            0.2381
      11        4.0205            0.1495
      12       12.0623            3.7051
      13       10.8137            3.4003
      14       10.2815            2.9882
      15        9.3093            2.7347
      16        9.3534            2.7811
      17        8.7060            2.3236
      18        7.8489            1.5510
      19        7.6011            1.3920
      20        7.8495            1.6199
      21        6.8554            1.4433
      22        6.6021            2.0269
      23        6.0922            1.3445
      24        5.6250            1.1504
      25        5.5186            1.0909
      26        5.4655            1.1141
      27        4.8000            1.0704
      28        4.4595            1.0330
      29        4.3644            1.0221
      30        4.8100            1.0554
      31        5.0356            1.0548
      32        4.4001            1.0211
      33        4.4862            1.0066
      34        4.2127            0.9473
      35        4.4358            0.9345
      36        3.8102            0.8203
      37        3.7979            0.9450
      38        3.8071            1.0004
      39        3.8143            1.0770
      40        3.7544            0.9617
      41        3.3163            0.9565
      42        3.6058            1.0514
      43        3.7231            1.0367
      44        3.1061            1.0472
      45        3.0097            0.9565
      46        3.7195            1.0811
      47        3.5162            1.1266
      48        2.6650            1.0870
      49        2.9804            1.0662
      50        2.4893            0.8990
      51        2.8893            0.9864
      52        3.4882            1.0945
      53        3.6944            1.1310
      54        3.4394            1.0181
      55        3.6153            0.9821
      56        3.9235            1.0136
      57        3.6672            0.9271
      58        3.3100            0.8563
      59        3.4328            0.9045
      60        3.6746            0.9046
      61        3.3217            0.7902
      62        3.0868            0.7351
      63        3.4303            0.7999
      64        3.5258            0.8058
      65        3.2175            0.7045
      66        3.2235            0.6942
      67        3.8595            0.8042
      68        3.5888            0.8032
      69        3.3441            0.6658
      70        3.6414            0.6950
      71        3.9546            0.7890
      72        3.9159            0.7980
      73        3.8118            0.6682
      74        4.1693            0.7296
      75        4.6085            0.8905
      76        4.3005            0.8042
      77        4.4242            0.7471
      78        4.7887            0.8177
      79        5.0064            0.9243
      80        4.9151            0.8307
      81        5.1311            0.8136
      82        5.5873            0.8847
      83        5.6293            0.9529
      84        5.5964            0.8641
      85        6.1078            0.9322
      86        5.5156            0.8151
      87        5.4537            0.8264
      88        5.1818            0.8111
      89        4.5563            0.7428
      90        4.5144            0.7591
      91        4.1485            0.7723
      92        4.5762            0.6991
      93        4.5584            0.7199
      94        3.9266            0.6681
      95        4.0065            0.6420
      96        4.3561            0.7674
      97        3.9936            0.6866
      98        3.7379            0.6289
      99        4.2153            0.6930
     100        4.4589            0.8267
     101        4.0670            0.7871
     102        3.8832            0.4451
     103        3.5153            0.5222
     104        3.4273            0.5451
     105        3.6715            0.5790
     106        3.3289            0.5152
     107        2.9371            0.4584
     108        3.2133            0.4824
     109        3.3080            0.4060
     110        3.9741            0.5965
     111        3.1226            0.5975
     112        3.2211            0.7641
     113        3.5465            0.7713
     114        3.7536            0.9237
     115        4.3518            0.9197
     116        4.1404            0.7762
     117        4.1587            0.7458
     118        4.3942            0.8005
     119        4.5187            0.8317
     120        4.8672            0.9817
     121        4.8980            1.0759
     122        5.2421            1.2448
     123        5.0692            1.2678
     124        5.5735            1.5246
     125        5.7048            1.5645
     126        5.7273            1.4627
     127        6.0478            1.5609
     128        6.5721            1.6757
     129        7.1460            1.7613
     130        7.3550            2.1774
     131        7.9411            2.2251
     132        9.0841            2.3827
     133        9.4304            1.9478
     134        9.9660            1.4970
     135       10.8222            1.3935
     136       10.7232            1.4157
     137       11.9722            1.6117
     138       12.6278            1.6400
     139       13.7820            2.0384
