#Frame   AVERAGE_00010 AVERAGE_00010[SD]
       1       12.0623            3.7051
       2       10.8137            3.4003
       3       10.2815            2.9882
       4        9.3093            2.7347
       5        9.3534            2.7811
       6        8.7060            2.3236
       7        7.8489            1.5510
       8        7.6011            1.3920
       9        7.8495            1.6199
      10        6.8554            1.4433
      11        6.6021            2.0269
      12        6.0922            1.3445
      13        5.6250            1.1504
      14        5.5186            1.0909
      15        5.4655            1.1141
      16        4.8000            1.0704
      17        4.4595            1.0330
      18        4.3644            1.0221
      19        4.8100            1.0554
      20        5.0356            1.0548
      21        4.4001            1.0211
      22        4.4862            1.0066
      23        4.2127            0.9473
      24        4.4358            0.9345
      25        3.8102            0.8203
      26        3.7979            0.9450
      27        3.8071            1.0004
      28        3.8143            1.0770
      29        3.7544            0.9617
      30        3.3163            0.9565
      31        3.6058            1.0514
      32        3.7231            1.0367
      33        3.1061            1.0472
      34        3.0097            0.9565
      35        3.7195            1.0811
      36        3.5162            1.1266
      37        2.6650            1.0870
      38        2.9804            1.0662
      39        2.4893            0.8990
      40        2.8893            0.9864
      41        3.4882            1.0945
      42        3.6944            1.1310
      43        3.4394            1.0181
      44        3.6153            0.9821
      45        3.9235            1.0136
      46        3.6672            0.9271
      47        3.3100            0.8563
      48        3.4328            0.9045
      49        3.6746            0.9046
      50        3.3217            0.7902
      51        3.0868            0.7351
      52        3.4303            0.7999
      53        3.5258            0.8058
      54        3.2175            0.7045
      55        3.2235            0.6942
      56        3.8595            0.8042
      57        3.5888            0.8032
      58        3.3441            0.6658
      59        3.6414            0.6950
      60        3.9546            0.7890
      61        3.9159            0.7980
      62        3.8118            0.6682
      63        4.1693            0.7296
      64        4.6085            0.8905
      65        4.3005            0.8042
      66        4.4242            0.7471
      67        4.7887            0.8177
      68        5.0064            0.9243
      69        4.9151            0.8307
      70        5.1311            0.8136
      71        5.5873            0.8847
      72        5.6293            0.9529
      73        5.5964            0.8641
      74        6.1078            0.9322
      75        5.5156            0.8151
      76        5.4537            0.8264
      77        5.1818            0.8111
      78        4.5563            0.7428
      79        4.5144            0.7591
      80        4.1485            0.7723
      81        4.5762            0.6991
      82        4.5584            0.7199
      83        3.9266            0.6681
      84        4.0065            0.6420
      85        4.3561            0.7674
      86        3.9936            0.6866
      87        3.7379            0.6289
      88        4.2153            0.6930
      89        4.4589            0.8267
      90        4.0670            0.7871
      91        3.8832            0.4451
      92        3.5153            0.5222
      93        3.4273            0.5451
      94        3.6715            0.5790
      95        3.3289            0.5152
      96        2.9371            0.4584
      97        3.2133            0.4824
      98        3.3080            0.4060
      99        3.9741            0.5965
     100        3.1226            0.5975
     101        3.2211            0.7641
     102        3.5465            0.7713
     103        3.7536            0.9237
     104        4.3518            0.9197
     105        4.1404            0.7762
     106        4.1587            0.7458
     107        4.3942            0.8005
     108        4.5187            0.8317
     109        4.8672            0.9817
     110        4.8980            1.0759
     111        5.2421            1.2448
     112        5.0692            1.2678
     113        5.5735            1.5246
     114        5.7048            1.5645
     115        5.7273            1.4627
     116        6.0478            1.5609
     117        6.5721            1.6757
     118        7.1460            1.7613
     119        7.3550            2.1774
     120        7.9411            2.2251
     121        9.0841            2.3827
     122        9.4304            1.9478
     123        9.9660            1.4970
     124       10.8222            1.3935
     125       10.7232            1.4157
     126       11.9722            1.6117
     127       12.6278            1.6400
     128       13.7820            2.0384
