#Frame   AVERAGE_00010 AVERAGE_00010[SD]
       1       12.9179            4.2728
       2       11.5663            4.2964
       3        9.9635            3.7893
       4       10.2025            3.6987
       5       10.9306            3.2821
       6        9.8107            2.8414
       7        9.4164            2.4096
       8        9.2837            2.1448
       9        9.2591            2.0000
      10        7.9671            1.8758
      11        7.7977            1.7204
      12        5.8957            1.0817
      13        5.7107            0.8411
      14        5.1872            0.8769
      15        5.0106            1.1091
      16        4.2037            0.8817
      17        3.9380            0.9696
      18        3.7878            0.7679
      19        4.2487            0.8791
      20        4.4681            0.9753
      21        3.9124            0.8105
      22        3.9113            0.7770
      23        3.5639            0.6729
      24        3.6259            0.6005
      25        3.0172            0.4152
      26        3.1005            0.5272
      27        3.2671            0.6876
      28        3.3197            0.7106
      29        3.1205            0.4606
      30        2.7605            0.6065
      31        3.2572            0.8468
      32        3.3439            0.6394
      33        2.6622            0.5797
      34        2.6579            0.7502
      35        3.4888            0.9011
      36        3.1835            0.6787
      37        2.5968            0.6167
      38        3.0177            0.5676
      39        2.3951            0.7159
      40        2.8874            0.9419
      41        3.5387            0.9903
      42        3.6101            1.0988
      43        3.1994            1.0173
      44        3.3152            1.0538
      45        3.5634            1.0029
      46        3.3142            0.9286
      47        2.9535            0.8785
      48        3.0042            0.7674
      49        3.2272            0.7506
      50        3.0059            0.8031
      51        2.5718            0.6187
      52        2.8097            0.5473
      53        2.9578            0.5910
      54        2.6383            0.5672
      55        2.4706            0.4096
      56        3.0985            0.4982
      57        3.0207            0.5861
      58        2.5816            0.4551
      59        2.6717            0.4025
      60        3.0506            0.5477
      61        3.2022            0.5461
      62        2.7982            0.4306
      63        3.0341            0.5061
      64        3.6637            0.6714
      65        3.3401            0.5672
      66        3.2155            0.5006
      67        3.5749            0.5956
      68        3.9664            0.6429
      69        3.6707            0.5332
      70        3.7643            0.5435
      71        4.4557            0.7251
      72        4.4535            0.5890
      73        4.2196            0.4591
      74        4.6582            0.5828
      75        4.0240            0.4903
      76        4.0062            0.5784
      77        3.6699            0.3246
      78        3.1119            0.3774
      79        2.9694            0.2416
      80        2.6391            0.1772
      81        3.0911            0.3116
      82        3.1384            0.3529
      83        2.6366            0.2870
      84        2.8181            0.2843
      85        3.1884            0.3336
      86        2.9512            0.4081
      87        2.7353            0.3289
      88        3.4252            0.3079
      89        3.6803            0.4980
      90        3.5301            0.5445
      91        3.9121            0.5812
      92        3.3826            0.5647
      93        2.7972            0.3790
      94        3.0746            0.3976
      95        3.1471            0.4224
      96        2.4773            0.3331
      97        2.4317            0.2237
      98        2.7669            0.4258
      99        3.6089            0.3929
     100        2.2192            0.1825
     101        2.0322            0.2206
     102        2.2267            0.1410
     103        2.2640            0.1698
     104        2.8091            0.1873
     105        2.6583            0.2184
     106        2.7369            0.3008
     107        3.0471            0.4591
     108        3.4271            0.4976
     109        3.6838            0.6280
     110        4.0304            0.7506
     111        4.3092            0.9151
     112        4.4493            0.9844
     113        4.9827            1.1394
     114        5.1337            1.2039
     115        4.8683            1.1473
     116        5.1643            1.1572
     117        5.6107            1.2101
     118        6.5109            1.2932
     119        7.6179            1.7911
     120        8.0535            2.2385
     121        9.7506            2.7262
     122       10.5610            3.5083
     123       10.8618            4.1963
     124       12.6068            5.0405
     125       13.0255            4.5104
     126       14.4015            4.0590
     127       14.8836            4.4129
     128       16.1269            4.3186
