#Res        AtomicFlx
 749.000       6.4405
 750.000       4.3927
 751.000       3.9083
 752.000       3.5870
 753.000       4.7397
 754.000       4.3887
 755.000       3.6182
 756.000       3.0538
 757.000       2.6240
 758.000       2.4177
 759.000       3.1142
 760.000       1.8849
 761.000       1.5803
 762.000       1.5106
 763.000       1.8274
 764.000       1.3406
 765.000       1.4407
 766.000       1.3063
 767.000       1.4147
 768.000       1.7827
 769.000       1.3194
 770.000       1.3754
 771.000       1.2477
 772.000       1.4355
 773.000       1.1967
 774.000       1.0485
 775.000       1.0491
 776.000       1.0496
 777.000       1.0462
 778.000       0.9767
 779.000       1.1279
 780.000       1.1692
 781.000       1.1095
 782.000       1.0704
 783.000       1.9155
 784.000       1.7190
 785.000       1.2338
 786.000       1.6894
 787.000       1.1111
 788.000       1.2163
 789.000       1.5910
 790.000       1.3575
 791.000       1.1082
 792.000       1.0706
 793.000       1.1339
 794.000       1.0996
 795.000       1.0102
 796.000       0.9873
 797.000       1.0732
 798.000       1.1071
 799.000       0.9848
 800.000       1.0081
 801.000       1.0762
 802.000       1.0531
 803.000       1.0343
 804.000       1.2750
 805.000       1.2280
 806.000       1.1122
 807.000       1.1260
 808.000       1.2466
 809.000       1.5245
 810.000       1.2894
 811.000       1.2998
 812.000       1.7268
 813.000       1.5088
 814.000       1.3693
 815.000       1.4859
 816.000       1.8041
 817.000       1.5123
 818.000       1.5406
 819.000       2.1997
 820.000       2.1179
 821.000       1.9644
 822.000       2.1397
 823.000       1.7434
 824.000       1.7276
 825.000       1.5846
 826.000       1.3355
 827.000       1.3158
 828.000       1.2368
 829.000       1.4081
 830.000       1.3661
 831.000       1.2552
 832.000       1.5661
 833.000       1.4160
 834.000       1.4128
 835.000       1.4444
 836.000       2.0974
 837.000       2.0779
 838.000       1.9772
 839.000       2.3636
 840.000       2.0286
 841.000       1.5290
 842.000       1.5109
 843.000       1.8432
 844.000       1.4072
 845.000       1.4769
 846.000       1.4109
 847.000       1.8505
 848.000       1.0751
 849.000       1.0526
 850.000       1.1531
 851.000       1.1490
 852.000       1.5506
 853.000       1.2493
 854.000       1.2945
 855.000       1.4310
 856.000       1.5220
 857.000       1.5932
 858.000       1.7548
 859.000       1.6510
 860.000       1.7623
 861.000       1.8482
 862.000       1.7882
 863.000       1.6832
 864.000       1.9004
 865.000       2.2159
 866.000       3.4302
 867.000       4.7579
 868.000       5.7209
 869.000       7.8081
 870.000       9.5815
 871.000      11.2997
 872.000      13.3139
 873.000      12.8263
 874.000      13.1702
 875.000      13.9740
 876.000      15.6823
