#Frame   AVERAGE_00010 AVERAGE_00010[SD]
       1        8.2355            2.9791
       2        6.6968            2.8211
       3        6.3078            2.7899
       4        5.2379            2.0815
       5        5.9168            1.8776
       6        5.4938            1.7609
       7        4.6459            1.4187
       8        4.2499            1.6244
       9        4.2590            1.8389
      10        3.2031            1.2621
      11        3.4719            1.2383
      12        2.0454            0.6979
      13        1.8778            0.8480
      14        1.7628            0.4532
      15        1.8851            0.2264
      16        1.3495            0.2375
      17        1.3819            0.2607
      18        1.2161            0.2219
      19        1.3684            0.2590
      20        1.7958            0.1393
      21        1.2176            0.2666
      22        1.2898            0.3021
      23        1.1626            0.2661
      24        1.4094            0.2705
      25        1.1747            0.1658
      26        1.0003            0.1477
      27        0.9616            0.1218
      28        0.9496            0.1024
      29        1.0056            0.1301
      30        0.8783            0.0827
      31        1.0498            0.0745
      32        1.0967            0.1680
      33        1.0309            0.0859
      34        0.9934            0.0453
      35        1.6508            0.1663
      36        1.6452            0.0987
      37        1.0597            0.1613
      38        1.4288            0.3118
      39        0.9946            0.0729
      40        1.0732            0.1156
      41        1.5462            0.0982
      42        1.2107            0.0912
      43        0.9705            0.0751
      44        0.9676            0.0719
      45        1.0453            0.0997
      46        0.9604            0.1308
      47        0.8618            0.0964
      48        0.8729            0.0876
      49        0.9555            0.1529
      50        0.9712            0.1481
      51        0.8841            0.0997
      52        0.9185            0.1622
      53        0.9816            0.2091
      54        0.9560            0.1878
      55        0.9651            0.1847
      56        1.2230            0.2581
      57        1.1814            0.2532
      58        1.0820            0.2583
      59        1.0988            0.3198
      60        1.2232            0.3649
      61        1.5267            0.3089
      62        1.3079            0.3769
      63        1.3226            0.4565
      64        1.7607            0.4378
      65        1.5260            0.4766
      66        1.4404            0.5654
      67        1.5917            0.6044
      68        1.9207            0.5590
      69        1.6755            0.6358
      70        1.7194            0.6858
      71        2.4541            0.6509
      72        2.3210            0.6383
      73        2.2072            0.6722
      74        2.3855            0.7429
      75        1.9365            0.7350
      76        1.8727            0.6915
      77        1.8396            0.7453
      78        1.4340            0.6280
      79        1.4581            0.6617
      80        1.3735            0.6114
      81        1.5338            0.7129
      82        1.4951            0.6353
      83        1.3247            0.5084
      84        1.7321            0.5256
      85        1.6253            0.5002
      86        1.4529            0.4403
      87        1.5065            0.3678
      88        2.1147            0.3503
      89        2.0549            0.2888
      90        1.9807            0.4908
      91        2.4348            0.6078
      92        1.9822            0.6722
      93        1.5739            0.4450
      94        1.8265            0.4148
      95        1.9481            0.4609
      96        1.4372            0.4268
      97        1.6553            0.3475
      98        1.7251            0.4080
      99        2.1542            0.6938
     100        1.3396            0.3105
     101        1.2886            0.4857
     102        1.3394            0.5271
     103        1.3493            0.5798
     104        1.7560            0.6160
     105        1.4170            0.6634
     106        1.4432            0.6738
     107        1.5480            0.6758
     108        1.7347            0.6576
     109        1.7054            0.7368
     110        1.9154            0.7031
     111        1.8032            0.8058
     112        1.8576            0.7251
     113        1.9535            0.7894
     114        1.9290            0.8342
     115        1.8452            0.9098
     116        2.0391            0.9019
     117        2.3375            0.9454
     118        3.3509            0.8813
     119        4.2550            1.4688
     120        4.5474            1.7574
     121        6.0118            2.2277
     122        6.3363            3.0389
     123        7.2077            3.6739
     124        8.3910            4.8635
     125        8.9545            4.3453
     126       10.1877            4.4331
     127       10.9159            4.4787
     128       12.6002            4.5764
