#Res        AtomicFlx
 397.000       4.2137
 398.000       2.5531
 399.000       2.4526
 400.000       3.0947
 401.000       2.5395
 402.000       2.6405
 403.000       2.3476
 404.000       2.6579
 405.000       2.9517
 406.000       2.3027
 407.000       2.5344
 408.000       2.0623
 409.000       2.0634
 410.000       1.8158
 411.000       2.1015
 412.000       1.4442
 413.000       1.4928
 414.000       1.3319
 415.000       1.4670
 416.000       1.5789
 417.000       1.3505
 418.000       1.3568
 419.000       1.1932
 420.000       1.2772
 421.000       1.2579
 422.000       1.0448
 423.000       1.0890
 424.000       1.1094
 425.000       1.4803
 426.000       0.9357
 427.000       1.1369
 428.000       1.5268
 429.000       1.0290
 430.000       1.0227
 431.000       1.4271
 432.000       1.4912
 433.000       0.9078
 434.000       1.4568
 435.000       1.0145
 436.000       1.2788
 437.000       1.5710
 438.000       1.2676
 439.000       1.1169
 440.000       1.1668
 441.000       1.3220
 442.000       1.1876
 443.000       1.0348
 444.000       1.0187
 445.000       1.1099
 446.000       1.1000
 447.000       0.9842
 448.000       0.9503
 449.000       1.0109
 450.000       0.9659
 451.000       0.9187
 452.000       1.1404
 453.000       1.0810
 454.000       0.9295
 455.000       0.8728
 456.000       0.9704
 457.000       1.2177
 458.000       0.9786
 459.000       0.8964
 460.000       1.3265
 461.000       1.0555
 462.000       0.8784
 463.000       0.9931
 464.000       1.3922
 465.000       1.0702
 466.000       1.0390
 467.000       1.4658
 468.000       1.7548
 469.000       1.5926
 470.000       1.7127
 471.000       1.2850
 472.000       1.2698
 473.000       1.3811
 474.000       0.8170
 475.000       0.8034
 476.000       0.7487
 477.000       0.7888
 478.000       0.8306
 479.000       0.8042
 480.000       1.0400
 481.000       1.1248
 482.000       0.9681
 483.000       1.2040
 484.000       2.6935
 485.000       1.7498
 486.000       1.5072
 487.000       1.9947
 488.000       1.5293
 489.000       1.2071
 490.000       1.3978
 491.000       1.7670
 492.000       1.2198
 493.000       1.3883
 494.000       1.7854
 495.000       3.0128
 496.000       1.3551
 497.000       0.9498
 498.000       0.8062
 499.000       0.7656
 500.000       1.1825
 501.000       0.7521
 502.000       0.8159
 503.000       0.9234
 504.000       1.1003
 505.000       0.9865
 506.000       1.3459
 507.000       1.1366
 508.000       1.2768
 509.000       1.3636
 510.000       1.4034
 511.000       1.2132
 512.000       1.3930
 513.000       1.6645
 514.000       2.8480
 515.000       3.9209
 516.000       4.0014
 517.000       5.6352
 518.000       5.5985
 519.000       5.7027
 520.000       5.9458
 521.000       6.5058
 522.000       7.3620
 523.000       8.6137
 524.000      10.2884
