#Res        AtomicFlx
 397.000      12.7226
 398.000      11.1237
 399.000      10.3921
 400.000       8.8733
 401.000       8.4834
 402.000       7.5952
 403.000       5.2924
 404.000       3.9871
 405.000       3.7564
 406.000       2.1814
 407.000       2.1626
 408.000       1.5227
 409.000       1.4614
 410.000       1.2615
 411.000       1.6444
 412.000       1.2541
 413.000       1.3042
 414.000       1.0363
 415.000       1.1263
 416.000       1.4099
 417.000       1.0015
 418.000       1.0244
 419.000       0.9113
 420.000       1.1625
 421.000       1.0911
 422.000       0.9261
 423.000       0.9161
 424.000       1.0104
 425.000       1.4395
 426.000       0.8904
 427.000       1.1355
 428.000       1.5919
 429.000       1.1337
 430.000       1.0316
 431.000       1.6945
 432.000       1.5750
 433.000       1.2059
 434.000       1.8076
 435.000       1.1043
 436.000       1.2736
 437.000       1.6892
 438.000       1.3802
 439.000       1.1731
 440.000       1.1054
 441.000       1.1329
 442.000       0.9685
 443.000       0.8574
 444.000       0.8558
 445.000       0.8472
 446.000       0.8451
 447.000       0.7953
 448.000       0.7641
 449.000       0.7816
 450.000       0.7841
 451.000       0.7642
 452.000       0.9693
 453.000       0.9105
 454.000       0.8439
 455.000       0.7979
 456.000       0.8692
 457.000       1.2261
 458.000       0.9206
 459.000       0.9199
 460.000       1.3664
 461.000       1.1568
 462.000       0.9367
 463.000       1.0361
 464.000       1.3633
 465.000       1.1226
 466.000       1.1102
 467.000       2.0919
 468.000       1.7740
 469.000       1.5571
 470.000       1.7854
 471.000       1.3068
 472.000       1.2009
 473.000       1.3005
 474.000       0.8840
 475.000       0.8960
 476.000       0.8272
 477.000       1.3309
 478.000       0.9387
 479.000       0.8667
 480.000       1.1144
 481.000       1.3100
 482.000       1.0834
 483.000       1.2252
 484.000       2.0034
 485.000       1.9474
 486.000       1.8312
 487.000       2.2483
 488.000       1.7607
 489.000       1.4495
 490.000       1.7590
 491.000       1.7899
 492.000       1.4225
 493.000       1.5996
 494.000       1.8367
 495.000       3.1581
 496.000       1.3361
 497.000       0.9578
 498.000       0.9215
 499.000       0.8034
 500.000       1.2817
 501.000       0.8153
 502.000       0.8672
 503.000       1.0076
 504.000       1.2567
 505.000       1.0453
 506.000       1.4096
 507.000       1.1420
 508.000       1.1770
 509.000       1.2381
 510.000       1.1348
 511.000       1.0042
 512.000       1.2240
 513.000       1.5377
 514.000       2.9935
 515.000       4.7139
 516.000       5.5956
 517.000       8.0054
 518.000       9.4563
 519.000      10.5999
 520.000      11.9781
 521.000      13.3750
 522.000      15.4872
 523.000      16.7343
 524.000      18.7523
