#Res        AtomicFlx
 397.000      10.5855
 398.000       8.8022
 399.000       8.8353
 400.000       7.4284
 401.000       8.6093
 402.000       7.8274
 403.000       6.7908
 404.000       6.1377
 405.000       5.2378
 406.000       3.5321
 407.000       3.2262
 408.000       1.7246
 409.000       1.5253
 410.000       1.5773
 411.000       1.8178
 412.000       1.1761
 413.000       1.2768
 414.000       1.0988
 415.000       1.2296
 416.000       1.7294
 417.000       1.0877
 418.000       1.1200
 419.000       1.0229
 420.000       1.2469
 421.000       1.1349
 422.000       0.9494
 423.000       0.9121
 424.000       0.9058
 425.000       0.9733
 426.000       0.8193
 427.000       1.0030
 428.000       1.0074
 429.000       0.8253
 430.000       0.8722
 431.000       1.4410
 432.000       1.3881
 433.000       0.8010
 434.000       0.9982
 435.000       0.8127
 436.000       0.8203
 437.000       1.3589
 438.000       1.2830
 439.000       0.9180
 440.000       0.9326
 441.000       1.0102
 442.000       0.9265
 443.000       0.8221
 444.000       0.8222
 445.000       0.8897
 446.000       0.9193
 447.000       0.8148
 448.000       0.8106
 449.000       0.8587
 450.000       0.8273
 451.000       0.8001
 452.000       1.0586
 453.000       1.0139
 454.000       0.8592
 455.000       0.8188
 456.000       0.9332
 457.000       1.2027
 458.000       0.9670
 459.000       0.9412
 460.000       1.3631
 461.000       1.0952
 462.000       0.9132
 463.000       1.0527
 464.000       1.4566
 465.000       1.1341
 466.000       1.1222
 467.000       1.8023
 468.000       1.8538
 469.000       1.6924
 470.000       1.8178
 471.000       1.3578
 472.000       1.3582
 473.000       1.3253
 474.000       0.8703
 475.000       0.8629
 476.000       0.8118
 477.000       1.2681
 478.000       0.9045
 479.000       0.8331
 480.000       1.2093
 481.000       1.2198
 482.000       1.0206
 483.000       1.2261
 484.000       2.0341
 485.000       1.7522
 486.000       1.6210
 487.000       2.0508
 488.000       1.5713
 489.000       1.1844
 490.000       1.3558
 491.000       1.6328
 492.000       1.0958
 493.000       1.3084
 494.000       1.8550
 495.000       2.5748
 496.000       0.9458
 497.000       0.7604
 498.000       0.8405
 499.000       0.7555
 500.000       1.1637
 501.000       0.7921
 502.000       0.8255
 503.000       0.8966
 504.000       1.2651
 505.000       1.0933
 506.000       1.4023
 507.000       1.1357
 508.000       1.2244
 509.000       1.3239
 510.000       1.2520
 511.000       1.0939
 512.000       1.3910
 513.000       1.6895
 514.000       3.3307
 515.000       4.3764
 516.000       4.3950
 517.000       6.0343
 518.000       6.6159
 519.000       7.4754
 520.000       9.6094
 521.000       9.8691
 522.000      11.5319
 523.000      11.9839
 524.000      13.8277
