#Res        AtomicFlx
 397.000      15.9174
 398.000      14.7872
 399.000      14.5506
 400.000      12.4462
 401.000      11.3900
 402.000      11.4735
 403.000       9.7393
 404.000       8.5723
 405.000       8.0206
 406.000       6.4416
 407.000       5.8428
 408.000       4.4308
 409.000       3.8307
 410.000       3.3721
 411.000       3.7420
 412.000       3.2384
 413.000       2.9425
 414.000       2.9337
 415.000       3.3344
 416.000       3.3605
 417.000       3.1234
 418.000       3.2109
 419.000       2.8871
 420.000       2.9588
 421.000       2.4798
 422.000       2.3268
 423.000       2.3311
 424.000       2.2064
 425.000       2.0921
 426.000       1.8992
 427.000       2.1391
 428.000       2.1639
 429.000       1.5990
 430.000       1.6607
 431.000       2.4405
 432.000       2.0076
 433.000       1.4409
 434.000       1.7349
 435.000       1.5519
 436.000       1.5697
 437.000       1.8670
 438.000       1.9434
 439.000       1.9030
 440.000       2.1077
 441.000       2.3979
 442.000       2.3959
 443.000       2.1265
 444.000       2.1334
 445.000       2.4543
 446.000       2.4707
 447.000       2.0897
 448.000       2.2895
 449.000       2.5139
 450.000       2.3210
 451.000       2.1210
 452.000       2.6722
 453.000       2.7145
 454.000       2.3053
 455.000       2.3049
 456.000       2.6715
 457.000       2.8725
 458.000       2.3634
 459.000       2.5115
 460.000       3.1977
 461.000       2.6583
 462.000       2.3470
 463.000       2.6318
 464.000       2.9892
 465.000       2.4911
 466.000       2.4975
 467.000       3.4973
 468.000       3.1264
 469.000       2.6506
 470.000       3.0511
 471.000       2.4854
 472.000       2.6721
 473.000       2.4319
 474.000       2.1358
 475.000       1.8082
 476.000       1.5276
 477.000       1.7145
 478.000       2.0388
 479.000       1.8142
 480.000       1.8830
 481.000       2.2747
 482.000       2.2013
 483.000       2.1050
 484.000       2.8615
 485.000       2.7215
 486.000       2.8776
 487.000       3.2586
 488.000       2.9649
 489.000       2.4729
 490.000       2.5222
 491.000       2.6390
 492.000       2.1952
 493.000       2.0648
 494.000       2.1456
 495.000       3.3984
 496.000       1.5584
 497.000       1.2285
 498.000       1.2698
 499.000       1.0149
 500.000       1.4353
 501.000       1.3057
 502.000       1.3634
 503.000       1.6847
 504.000       2.2786
 505.000       2.1800
 506.000       2.5086
 507.000       2.4445
 508.000       2.6593
 509.000       2.9736
 510.000       2.9196
 511.000       2.5535
 512.000       2.7649
 513.000       2.9248
 514.000       4.7439
 515.000       5.4825
 516.000       6.4052
 517.000       9.2775
 518.000       8.8180
 519.000       9.0556
 520.000       9.3452
 521.000       8.4975
 522.000       8.6547
 523.000      10.1998
 524.000      11.3030
