#Frame   AVERAGE_00010 AVERAGE_00010[SD]
       1       12.4107            4.9275
       2       10.8669            5.0453
       3       10.3933            4.7182
       4        9.1540            3.8314
       5        8.9390            3.7333
       6        8.2376            3.2874
       7        6.8949            2.9316
       8        5.9885            2.3896
       9        5.4838            1.9884
      10        3.9732            1.6940
      11        3.6786            1.3708
      12        2.6658            1.1423
      13        2.3156            0.8785
      14        2.0836            0.7428
      15        2.2874            0.7495
      16        1.6950            0.7771
      17        1.6743            0.6385
      18        1.5201            0.7138
      19        1.6970            0.8264
      20        1.9450            0.7155
      21        1.5318            0.8043
      22        1.5722            0.8265
      23        1.4162            0.7410
      24        1.5859            0.6878
      25        1.4210            0.5323
      26        1.2539            0.5383
      27        1.2438            0.5474
      28        1.2480            0.4835
      29        1.4138            0.3920
      30        1.0882            0.4072
      31        1.3014            0.4216
      32        1.5070            0.3892
      33        1.1226            0.2583
      34        1.1219            0.2759
      35        1.7036            0.3805
      36        1.6066            0.2117
      37        1.0764            0.2264
      38        1.5077            0.2846
      39        1.0889            0.2501
      40        1.2012            0.2494
      41        1.6273            0.1656
      42        1.4437            0.2532
      43        1.2400            0.3422
      44        1.2732            0.4243
      45        1.4082            0.5048
      46        1.2883            0.5614
      47        1.1369            0.5006
      48        1.1438            0.4992
      49        1.2404            0.6137
      50        1.2357            0.6246
      51        1.0997            0.4997
      52        1.1289            0.5835
      53        1.1994            0.6617
      54        1.1375            0.5954
      55        1.0852            0.5204
      56        1.3808            0.6480
      57        1.3242            0.6984
      58        1.1503            0.5788
      59        1.1288            0.5886
      60        1.2709            0.7011
      61        1.5377            0.6677
      62        1.2459            0.5594
      63        1.2437            0.6341
      64        1.7302            0.7341
      65        1.4073            0.6264
      66        1.2089            0.5698
      67        1.3642            0.6348
      68        1.7100            0.6407
      69        1.3963            0.5482
      70        1.3933            0.5544
      71        2.2147            0.6915
      72        2.0756            0.5272
      73        1.8474            0.4072
      74        2.0494            0.5038
      75        1.5700            0.4599
      76        1.5901            0.5474
      77        1.5700            0.4327
      78        1.1347            0.5028
      79        1.0655            0.3747
      80        0.9628            0.2864
      81        1.2004            0.3304
      82        1.1345            0.4543
      83        1.0394            0.3883
      84        1.2990            0.3009
      85        1.4222            0.4305
      86        1.2538            0.4753
      87        1.3681            0.3724
      88        2.2394            0.4677
      89        1.9729            0.3841
      90        1.9082            0.4961
      91        2.2671            0.5174
      92        1.8639            0.5582
      93        1.4992            0.4971
      94        1.6286            0.4928
      95        1.8638            0.4022
      96        1.4099            0.4094
      97        1.4975            0.3218
      98        1.7172            0.3975
      99        2.7556            0.6216
     100        1.2373            0.2334
     101        0.9663            0.1500
     102        0.9579            0.1646
     103        0.8604            0.1073
     104        1.2696            0.0966
     105        0.9082            0.2028
     106        0.9535            0.2070
     107        1.0973            0.2962
     108        1.4477            0.4226
     109        1.2769            0.4530
     110        1.6025            0.4538
     111        1.4158            0.5153
     112        1.5293            0.5668
     113        1.6585            0.6596
     114        1.6147            0.6591
     115        1.4094            0.5767
     116        1.6382            0.5676
     117        1.8985            0.5160
     118        3.3911            0.6943
     119        4.5283            0.5443
     120        5.0956            0.8548
     121        7.1155            1.3466
     122        7.5622            1.4124
     123        8.1907            1.6284
     124        9.4756            1.9903
     125       10.0333            2.4312
     126       11.2944            2.9885
     127       11.9208            2.7238
     128       13.5718            2.9273
