#Res        AtomicFlx
 749.000       3.5717
 750.000       2.8316
 751.000       2.6277
 752.000       2.6243
 753.000       3.0936
 754.000       3.0359
 755.000       3.2899
 756.000       3.5531
 757.000       3.7547
 758.000       2.8029
 759.000       1.8667
 760.000       1.7703
 761.000       1.6292
 762.000       2.2301
 763.000       1.9470
 764.000       1.3649
 765.000       1.4676
 766.000       1.1134
 767.000       1.2261
 768.000       1.7871
 769.000       1.0721
 770.000       1.1174
 771.000       1.0087
 772.000       1.2432
 773.000       1.0004
 774.000       0.9369
 775.000       0.9368
 776.000       0.9536
 777.000       1.0323
 778.000       0.8588
 779.000       1.0493
 780.000       1.3686
 781.000       0.9976
 782.000       0.9366
 783.000       1.6981
 784.000       1.4795
 785.000       0.9159
 786.000       1.1756
 787.000       0.8916
 788.000       0.8707
 789.000       1.4320
 790.000       1.1564
 791.000       0.9243
 792.000       0.9155
 793.000       1.0002
 794.000       0.8979
 795.000       0.8144
 796.000       0.8372
 797.000       0.8892
 798.000       0.9170
 799.000       0.8366
 800.000       0.8303
 801.000       0.8834
 802.000       0.8723
 803.000       0.8662
 804.000       1.1043
 805.000       1.1074
 806.000       0.9930
 807.000       0.9837
 808.000       1.1117
 809.000       1.4580
 810.000       1.2649
 811.000       1.2241
 812.000       1.6622
 813.000       1.4446
 814.000       1.3360
 815.000       1.5011
 816.000       1.8170
 817.000       1.6280
 818.000       1.6679
 819.000       2.0773
 820.000       2.2753
 821.000       2.1323
 822.000       2.4002
 823.000       1.8643
 824.000       1.8098
 825.000       1.6909
 826.000       1.2941
 827.000       1.3313
 828.000       1.2558
 829.000       1.4087
 830.000       1.3966
 831.000       1.2523
 832.000       1.7639
 833.000       1.6421
 834.000       1.4461
 835.000       1.5625
 836.000       2.1182
 837.000       2.0283
 838.000       1.7503
 839.000       2.2168
 840.000       1.6332
 841.000       1.3832
 842.000       1.7383
 843.000       1.7267
 844.000       1.1746
 845.000       1.6383
 846.000       1.6560
 847.000       2.5125
 848.000       1.2896
 849.000       1.2568
 850.000       1.2646
 851.000       1.2810
 852.000       1.7283
 853.000       1.3300
 854.000       1.3203
 855.000       1.4128
 856.000       1.6377
 857.000       1.6048
 858.000       1.8222
 859.000       1.6949
 860.000       1.7473
 861.000       1.8403
 862.000       1.8247
 863.000       1.7275
 864.000       1.9250
 865.000       2.2210
 866.000       3.1575
 867.000       3.4251
 868.000       3.9382
 869.000       5.3245
 870.000       4.3362
 871.000       4.5770
 872.000       2.9572
 873.000       4.6027
 874.000       6.2138
 875.000       7.3412
 876.000       9.3207
