#Res        AtomicFlx
 749.000      11.2464
 750.000       9.6819
 751.000       9.4998
 752.000       7.1833
 753.000       7.3489
 754.000       5.3435
 755.000       3.6262
 756.000       2.2898
 757.000       2.0989
 758.000       1.5851
 759.000       3.0066
 760.000       1.6911
 761.000       1.4030
 762.000       1.5515
 763.000       1.8172
 764.000       1.3372
 765.000       1.3387
 766.000       1.0917
 767.000       1.2658
 768.000       1.8746
 769.000       1.0751
 770.000       1.1199
 771.000       1.0231
 772.000       1.3398
 773.000       1.1544
 774.000       0.9313
 775.000       0.8787
 776.000       0.8587
 777.000       0.8951
 778.000       0.8058
 779.000       1.0187
 780.000       0.9142
 781.000       0.9080
 782.000       0.9767
 783.000       1.5728
 784.000       1.6512
 785.000       0.8285
 786.000       0.9411
 787.000       0.9633
 788.000       1.1334
 789.000       1.4458
 790.000       1.1287
 791.000       0.9020
 792.000       0.9122
 793.000       1.0105
 794.000       0.8898
 795.000       0.7902
 796.000       0.8094
 797.000       0.8650
 798.000       0.8598
 799.000       0.8333
 800.000       0.8344
 801.000       0.8473
 802.000       0.8187
 803.000       0.8601
 804.000       1.0797
 805.000       0.9708
 806.000       0.9034
 807.000       0.9077
 808.000       0.9766
 809.000       1.2727
 810.000       1.0615
 811.000       1.0330
 812.000       1.4597
 813.000       1.1654
 814.000       1.0654
 815.000       1.2199
 816.000       1.5953
 817.000       1.2503
 818.000       1.3000
 819.000       2.1613
 820.000       1.9311
 821.000       1.7987
 822.000       1.9260
 823.000       1.5283
 824.000       1.4780
 825.000       1.5662
 826.000       1.0588
 827.000       1.0527
 828.000       0.9941
 829.000       1.0837
 830.000       1.0813
 831.000       0.9737
 832.000       1.3773
 833.000       1.1997
 834.000       1.0875
 835.000       1.1710
 836.000       1.7275
 837.000       1.8301
 838.000       1.4905
 839.000       1.9640
 840.000       1.3989
 841.000       1.2379
 842.000       1.5536
 843.000       1.7377
 844.000       1.1334
 845.000       1.3586
 846.000       1.8291
 847.000       3.1171
 848.000       1.3971
 849.000       1.0158
 850.000       1.0001
 851.000       1.0112
 852.000       1.3513
 853.000       1.0123
 854.000       1.0320
 855.000       1.1021
 856.000       1.2669
 857.000       1.1571
 858.000       1.3536
 859.000       1.1479
 860.000       1.2961
 861.000       1.3426
 862.000       1.2759
 863.000       1.1683
 864.000       1.3896
 865.000       1.6890
 866.000       3.2480
 867.000       6.2091
 868.000       6.9734
 869.000       9.0652
 870.000      10.4383
 871.000      12.0682
 872.000      15.1143
 873.000      15.3440
 874.000      17.0197
 875.000      17.4243
 876.000      19.0337
