#Res        AtomicFlx
 397.000      18.6142
 398.000      17.0684
 399.000      15.7359
 400.000      13.9276
 401.000      13.6728
 402.000      11.6514
 403.000      10.3043
 404.000       8.5875
 405.000       7.4527
 406.000       5.4080
 407.000       4.6270
 408.000       3.5887
 409.000       2.6971
 410.000       2.3911
 411.000       2.1313
 412.000       1.3624
 413.000       1.3551
 414.000       1.1997
 415.000       1.3278
 416.000       1.6465
 417.000       1.0957
 418.000       1.1488
 419.000       1.0663
 420.000       1.2841
 421.000       1.1415
 422.000       1.0222
 423.000       0.9709
 424.000       1.0082
 425.000       1.0836
 426.000       0.8966
 427.000       1.0927
 428.000       1.2450
 429.000       1.0261
 430.000       1.0224
 431.000       1.5151
 432.000       1.5712
 433.000       1.0266
 434.000       1.5411
 435.000       0.9612
 436.000       1.0637
 437.000       1.6505
 438.000       1.3444
 439.000       1.0891
 440.000       1.0533
 441.000       1.1778
 442.000       0.9629
 443.000       0.8436
 444.000       0.8891
 445.000       0.9011
 446.000       0.8432
 447.000       0.8147
 448.000       0.8300
 449.000       0.8320
 450.000       0.7893
 451.000       0.8222
 452.000       1.0637
 453.000       0.9009
 454.000       0.8134
 455.000       0.8497
 456.000       0.9100
 457.000       1.1696
 458.000       0.9999
 459.000       0.9497
 460.000       1.3975
 461.000       1.0708
 462.000       0.9692
 463.000       1.1074
 464.000       1.3485
 465.000       1.1635
 466.000       1.1978
 467.000       2.2164
 468.000       1.8692
 469.000       1.7441
 470.000       1.8799
 471.000       1.4150
 472.000       1.4497
 473.000       1.4112
 474.000       0.9663
 475.000       0.9569
 476.000       0.8989
 477.000       0.8998
 478.000       0.9601
 479.000       0.8787
 480.000       1.2482
 481.000       1.1817
 482.000       0.9957
 483.000       1.0801
 484.000       1.6047
 485.000       1.6935
 486.000       1.7042
 487.000       1.7833
 488.000       1.4934
 489.000       1.1819
 490.000       1.1081
 491.000       1.4902
 492.000       1.1160
 493.000       1.1263
 494.000       0.9632
 495.000       1.6340
 496.000       0.9912
 497.000       0.9350
 498.000       0.9515
 499.000       0.9627
 500.000       1.2848
 501.000       0.8757
 502.000       0.8955
 503.000       0.9741
 504.000       1.3377
 505.000       1.0796
 506.000       1.3463
 507.000       1.2204
 508.000       1.3092
 509.000       1.3934
 510.000       1.3638
 511.000       1.1821
 512.000       1.4181
 513.000       1.6758
 514.000       3.0396
 515.000       4.1480
 516.000       5.0810
 517.000       6.6250
 518.000       7.3224
 519.000       8.1198
 520.000      10.4997
 521.000      11.9193
 522.000      13.4364
 523.000      12.0723
 524.000      13.6877
