#Res        AtomicFlx
 749.000      11.4416
 750.000       9.9569
 751.000       9.3731
 752.000       8.0759
 753.000       8.4096
 754.000       8.1644
 755.000       6.7581
 756.000       6.2557
 757.000       6.5995
 758.000       4.0389
 759.000       3.7380
 760.000       1.4668
 761.000       1.2265
 762.000       1.1692
 763.000       1.5689
 764.000       0.9772
 765.000       0.9300
 766.000       0.9661
 767.000       1.0915
 768.000       1.5565
 769.000       0.9326
 770.000       0.9953
 771.000       0.8912
 772.000       1.1202
 773.000       1.0473
 774.000       0.8251
 775.000       0.8000
 776.000       0.8126
 777.000       0.8411
 778.000       0.7778
 779.000       0.9274
 780.000       0.9277
 781.000       0.9941
 782.000       0.9715
 783.000       1.4062
 784.000       1.6105
 785.000       1.1077
 786.000       1.6462
 787.000       0.9786
 788.000       1.0440
 789.000       1.5651
 790.000       1.1336
 791.000       0.9263
 792.000       0.9012
 793.000       0.9021
 794.000       0.7881
 795.000       0.7559
 796.000       0.7657
 797.000       0.7634
 798.000       0.7920
 799.000       0.7511
 800.000       0.7304
 801.000       0.7568
 802.000       0.7597
 803.000       0.7719
 804.000       0.9581
 805.000       0.9538
 806.000       0.8370
 807.000       0.7790
 808.000       0.8728
 809.000       1.2678
 810.000       0.9142
 811.000       0.8708
 812.000       1.3596
 813.000       1.0872
 814.000       0.9124
 815.000       1.0078
 816.000       1.3925
 817.000       1.0966
 818.000       1.0620
 819.000       2.0795
 820.000       1.7353
 821.000       1.6309
 822.000       1.6705
 823.000       1.2089
 824.000       1.1669
 825.000       1.0859
 826.000       0.8424
 827.000       0.8568
 828.000       0.8267
 829.000       0.8691
 830.000       0.9173
 831.000       0.8508
 832.000       1.2325
 833.000       1.2884
 834.000       1.0468
 835.000       1.1781
 836.000       1.8776
 837.000       1.7574
 838.000       1.7731
 839.000       2.0137
 840.000       1.5876
 841.000       1.2784
 842.000       1.6909
 843.000       1.5784
 844.000       1.2011
 845.000       1.4755
 846.000       1.2820
 847.000       1.0366
 848.000       1.0361
 849.000       0.8872
 850.000       0.9139
 851.000       0.8347
 852.000       1.2125
 853.000       0.8022
 854.000       0.8280
 855.000       0.9459
 856.000       1.2327
 857.000       1.0609
 858.000       1.3774
 859.000       1.1743
 860.000       1.2417
 861.000       1.2787
 862.000       1.2339
 863.000       1.0620
 864.000       1.2240
 865.000       1.4341
 866.000       2.0799
 867.000       1.9080
 868.000       1.7606
 869.000       2.6800
 870.000       3.1529
 871.000       3.7166
 872.000       5.3420
 873.000       7.0471
 874.000       9.4859
 875.000      10.9078
 876.000      12.9193
