#Res        AtomicFlx
 749.000       8.4774
 750.000       6.6207
 751.000       6.1303
 752.000       4.7192
 753.000       5.9924
 754.000       6.5363
 755.000       5.9371
 756.000       6.0971
 757.000       6.2177
 758.000       5.1707
 759.000       5.6340
 760.000       3.4141
 761.000       3.5499
 762.000       2.3526
 763.000       2.2652
 764.000       1.7275
 765.000       1.7326
 766.000       1.6029
 767.000       1.8437
 768.000       1.9782
 769.000       1.6890
 770.000       1.8409
 771.000       1.6422
 772.000       1.9084
 773.000       1.4746
 774.000       1.2598
 775.000       1.1432
 776.000       1.0735
 777.000       1.2131
 778.000       0.9722
 779.000       1.1255
 780.000       1.1039
 781.000       1.1454
 782.000       1.0120
 783.000       1.6616
 784.000       1.7657
 785.000       1.2124
 786.000       1.6915
 787.000       1.0283
 788.000       1.1015
 789.000       1.6969
 790.000       1.2771
 791.000       0.9919
 792.000       1.0387
 793.000       1.1797
 794.000       1.1265
 795.000       0.9381
 796.000       0.9651
 797.000       1.1868
 798.000       1.1802
 799.000       1.0146
 800.000       1.1893
 801.000       1.3442
 802.000       1.2763
 803.000       1.2931
 804.000       1.6980
 805.000       1.6470
 806.000       1.5645
 807.000       1.6977
 808.000       1.9083
 809.000       2.1104
 810.000       2.0095
 811.000       2.1851
 812.000       2.5951
 813.000       2.4238
 814.000       2.5188
 815.000       2.7440
 816.000       2.9946
 817.000       2.8905
 818.000       3.0266
 819.000       3.7525
 820.000       3.5453
 821.000       3.5095
 822.000       3.7913
 823.000       3.3374
 824.000       3.1810
 825.000       3.2705
 826.000       2.6390
 827.000       2.7337
 828.000       2.5541
 829.000       2.8996
 830.000       2.7144
 831.000       2.2913
 832.000       2.7207
 833.000       2.5804
 834.000       2.2711
 835.000       2.1766
 836.000       2.7528
 837.000       2.5809
 838.000       2.9123
 839.000       3.6161
 840.000       3.2627
 841.000       2.4408
 842.000       2.6390
 843.000       2.8543
 844.000       2.2696
 845.000       2.3271
 846.000       2.4474
 847.000       2.2545
 848.000       1.9002
 849.000       2.2306
 850.000       2.3653
 851.000       2.4704
 852.000       2.9371
 853.000       2.6910
 854.000       2.7414
 855.000       2.8481
 856.000       3.0140
 857.000       3.1109
 858.000       3.2690
 859.000       3.3481
 860.000       3.2407
 861.000       3.4579
 862.000       3.5224
 863.000       3.5849
 864.000       3.7563
 865.000       4.1274
 866.000       4.8388
 867.000       4.9750
 868.000       4.3438
 869.000       5.1812
 870.000       4.1724
 871.000       4.3772
 872.000       5.2275
 873.000       4.9526
 874.000       5.0490
 875.000       4.9322
 876.000       6.0450
