#Res        AtomicFlx
 749.000      11.0745
 750.000       9.9842
 751.000      10.1656
 752.000       8.9420
 753.000       9.6044
 754.000       8.6067
 755.000       6.7593
 756.000       5.6725
 757.000       5.6095
 758.000       3.2494
 759.000       3.1753
 760.000       1.5677
 761.000       1.2615
 762.000       1.1719
 763.000       1.5736
 764.000       1.0695
 765.000       1.2168
 766.000       1.0394
 767.000       1.1141
 768.000       1.5791
 769.000       1.0392
 770.000       1.0535
 771.000       0.9501
 772.000       1.3365
 773.000       1.0366
 774.000       0.8277
 775.000       0.8421
 776.000       0.8599
 777.000       0.8390
 778.000       0.7959
 779.000       1.0206
 780.000       0.9666
 781.000       0.9422
 782.000       1.0599
 783.000       1.5357
 784.000       1.5525
 785.000       1.0780
 786.000       1.4932
 787.000       1.0840
 788.000       1.2198
 789.000       1.5751
 790.000       1.5259
 791.000       1.0877
 792.000       1.0227
 793.000       1.0320
 794.000       0.9754
 795.000       0.8657
 796.000       0.8246
 797.000       0.8654
 798.000       0.8626
 799.000       0.7663
 800.000       0.7492
 801.000       0.7830
 802.000       0.7400
 803.000       0.7410
 804.000       0.9804
 805.000       0.8860
 806.000       0.7740
 807.000       0.7368
 808.000       0.8214
 809.000       1.1297
 810.000       0.8794
 811.000       0.8363
 812.000       1.3686
 813.000       1.0905
 814.000       0.8566
 815.000       0.9908
 816.000       1.3337
 817.000       1.0120
 818.000       1.0360
 819.000       1.8462
 820.000       1.7044
 821.000       1.5381
 822.000       1.6642
 823.000       1.2891
 824.000       1.2047
 825.000       1.4490
 826.000       0.7762
 827.000       0.7650
 828.000       0.6824
 829.000       1.1318
 830.000       0.8289
 831.000       0.7590
 832.000       0.9761
 833.000       0.9503
 834.000       0.9899
 835.000       1.1656
 836.000       1.9536
 837.000       1.8078
 838.000       1.7384
 839.000       2.1097
 840.000       1.4910
 841.000       1.3526
 842.000       1.7296
 843.000       1.7679
 844.000       1.3467
 845.000       1.5317
 846.000       1.3342
 847.000       1.7297
 848.000       0.8354
 849.000       0.6735
 850.000       0.6979
 851.000       0.6439
 852.000       1.1213
 853.000       0.7046
 854.000       0.7458
 855.000       1.0243
 856.000       1.0684
 857.000       0.9826
 858.000       1.1874
 859.000       0.9772
 860.000       1.1417
 861.000       1.1598
 862.000       1.0717
 863.000       0.9183
 864.000       1.1306
 865.000       1.3594
 866.000       2.7093
 867.000       3.4859
 868.000       4.4083
 869.000       6.8706
 870.000       8.4761
 871.000      10.4855
 872.000      12.5898
 873.000      14.2931
 874.000      16.2803
 875.000      17.1424
 876.000      18.7050
