#Res        AtomicFlx
 397.000       6.6740
 398.000       6.3800
 399.000       8.4304
 400.000       5.7795
 401.000       5.1709
 402.000       5.4079
 403.000       4.7135
 404.000       3.9740
 405.000       3.3977
 406.000       2.1360
 407.000       2.4244
 408.000       2.0372
 409.000       2.0891
 410.000       1.5654
 411.000       1.8794
 412.000       1.3696
 413.000       1.3442
 414.000       1.0543
 415.000       1.1937
 416.000       1.5903
 417.000       1.0185
 418.000       1.0091
 419.000       0.8753
 420.000       1.0661
 421.000       0.9392
 422.000       0.8735
 423.000       0.8794
 424.000       0.9845
 425.000       1.2299
 426.000       0.8610
 427.000       1.0136
 428.000       1.1473
 429.000       1.1904
 430.000       1.1072
 431.000       1.4718
 432.000       1.6102
 433.000       1.3549
 434.000       1.8172
 435.000       1.3110
 436.000       1.4718
 437.000       1.7152
 438.000       1.2837
 439.000       1.2069
 440.000       1.4129
 441.000       1.3415
 442.000       0.9658
 443.000       0.7863
 444.000       0.8462
 445.000       0.7941
 446.000       0.7643
 447.000       0.7191
 448.000       0.6768
 449.000       0.6924
 450.000       0.6883
 451.000       0.6687
 452.000       0.8775
 453.000       0.8008
 454.000       0.7045
 455.000       0.6907
 456.000       0.7730
 457.000       1.1145
 458.000       0.8210
 459.000       0.7986
 460.000       1.2838
 461.000       1.0073
 462.000       0.8090
 463.000       0.9164
 464.000       1.3147
 465.000       1.0303
 466.000       0.9828
 467.000       1.6645
 468.000       1.7179
 469.000       1.5683
 470.000       1.6857
 471.000       1.2363
 472.000       1.1898
 473.000       1.2515
 474.000       0.7302
 475.000       0.7722
 476.000       0.7397
 477.000       1.1963
 478.000       0.8132
 479.000       0.7337
 480.000       0.9381
 481.000       1.1798
 482.000       0.9052
 483.000       0.9021
 484.000       1.5327
 485.000       1.8971
 486.000       1.5871
 487.000       1.7730
 488.000       1.3493
 489.000       0.9372
 490.000       0.9974
 491.000       1.2267
 492.000       0.8739
 493.000       0.9371
 494.000       1.0834
 495.000       1.9263
 496.000       0.8548
 497.000       0.8347
 498.000       0.8315
 499.000       0.7667
 500.000       1.1887
 501.000       0.7741
 502.000       0.8352
 503.000       1.0091
 504.000       1.1767
 505.000       1.0458
 506.000       1.3590
 507.000       1.1391
 508.000       1.1386
 509.000       1.2048
 510.000       1.1319
 511.000       0.9891
 512.000       1.4628
 513.000       1.7464
 514.000       4.0311
 515.000       4.3379
 516.000       5.3030
 517.000       6.8996
 518.000       8.0218
 519.000       9.8746
 520.000      11.0101
 521.000      11.1167
 522.000      11.5463
 523.000      12.3700
 524.000      14.0954
