#Res        AtomicFlx
 749.000      11.1062
 750.000      10.4882
 751.000      11.2264
 752.000      10.6114
 753.000      11.8655
 754.000      10.8805
 755.000       7.9638
 756.000       6.3676
 757.000       5.6558
 758.000       3.4495
 759.000       3.4368
 760.000       2.5657
 761.000       1.4022
 762.000       1.1725
 763.000       1.8002
 764.000       1.3134
 765.000       1.3340
 766.000       1.0320
 767.000       1.1484
 768.000       1.5972
 769.000       0.9581
 770.000       0.9833
 771.000       0.8881
 772.000       1.1761
 773.000       1.0583
 774.000       0.8245
 775.000       0.7751
 776.000       0.7782
 777.000       0.7933
 778.000       0.7732
 779.000       1.0146
 780.000       0.8393
 781.000       0.8890
 782.000       0.9299
 783.000       1.5743
 784.000       1.4723
 785.000       1.1015
 786.000       1.7952
 787.000       1.0686
 788.000       1.1614
 789.000       1.5997
 790.000       1.3540
 791.000       0.9828
 792.000       0.9541
 793.000       1.0050
 794.000       0.8910
 795.000       0.7986
 796.000       0.7890
 797.000       0.7990
 798.000       0.8270
 799.000       0.7732
 800.000       0.7439
 801.000       0.7726
 802.000       0.7857
 803.000       0.7910
 804.000       0.9939
 805.000       0.9775
 806.000       0.8746
 807.000       0.8468
 808.000       0.9245
 809.000       1.2291
 810.000       0.9564
 811.000       0.9848
 812.000       1.3980
 813.000       1.1628
 814.000       0.9693
 815.000       1.1092
 816.000       1.5502
 817.000       1.2097
 818.000       1.1689
 819.000       1.8273
 820.000       1.9553
 821.000       1.6906
 822.000       1.8330
 823.000       1.3654
 824.000       1.3254
 825.000       1.5432
 826.000       0.9101
 827.000       0.8871
 828.000       0.8484
 829.000       1.4615
 830.000       0.9559
 831.000       0.9113
 832.000       1.2398
 833.000       1.2906
 834.000       1.1209
 835.000       1.4357
 836.000       2.7458
 837.000       2.0469
 838.000       2.0147
 839.000       2.3993
 840.000       1.7518
 841.000       1.5408
 842.000       2.2102
 843.000       2.2470
 844.000       1.5220
 845.000       1.9183
 846.000       1.9533
 847.000       1.5704
 848.000       1.0574
 849.000       0.8196
 850.000       0.8815
 851.000       0.8130
 852.000       1.1984
 853.000       0.8476
 854.000       0.8925
 855.000       1.0979
 856.000       1.5298
 857.000       1.2678
 858.000       1.3911
 859.000       1.1156
 860.000       1.1528
 861.000       1.1503
 862.000       1.0512
 863.000       0.9640
 864.000       1.2353
 865.000       1.6672
 866.000       3.0230
 867.000       4.1933
 868.000       4.8117
 869.000       7.5670
 870.000       7.3064
 871.000       7.1030
 872.000       7.4276
 873.000       8.0001
 874.000       9.1581
 875.000      10.3538
 876.000      12.6540
