#Res        AtomicFlx
 397.000      13.3475
 398.000      11.4719
 399.000      10.4129
 400.000       7.6550
 401.000       6.5571
 402.000       5.2787
 403.000       2.4205
 404.000       1.8748
 405.000       2.0948
 406.000       1.7884
 407.000       2.2461
 408.000       1.5890
 409.000       1.5278
 410.000       1.5747
 411.000       1.6831
 412.000       1.2154
 413.000       1.2368
 414.000       1.0540
 415.000       1.1484
 416.000       1.2414
 417.000       0.9684
 418.000       1.0187
 419.000       0.9000
 420.000       1.0605
 421.000       0.9000
 422.000       0.8436
 423.000       0.8498
 424.000       0.8935
 425.000       1.0251
 426.000       0.8111
 427.000       0.9269
 428.000       1.3083
 429.000       1.0921
 430.000       1.0121
 431.000       1.1272
 432.000       1.6889
 433.000       1.1496
 434.000       1.5394
 435.000       1.0063
 436.000       1.1564
 437.000       1.7236
 438.000       1.1665
 439.000       1.0602
 440.000       1.0780
 441.000       1.1326
 442.000       0.9185
 443.000       0.8041
 444.000       0.8152
 445.000       0.8062
 446.000       0.8066
 447.000       0.7350
 448.000       0.7032
 449.000       0.7225
 450.000       0.7199
 451.000       0.7163
 452.000       0.8806
 453.000       0.9252
 454.000       0.7668
 455.000       0.7143
 456.000       0.7848
 457.000       1.1978
 458.000       0.8465
 459.000       0.7754
 460.000       1.3078
 461.000       1.0746
 462.000       0.8086
 463.000       0.9662
 464.000       1.4024
 465.000       1.0350
 466.000       1.0039
 467.000       2.1177
 468.000       1.7696
 469.000       1.5994
 470.000       1.6737
 471.000       1.2166
 472.000       1.1739
 473.000       1.1388
 474.000       0.7025
 475.000       0.7211
 476.000       0.6976
 477.000       0.8214
 478.000       0.7623
 479.000       0.7129
 480.000       1.1247
 481.000       1.2140
 482.000       0.9395
 483.000       1.1783
 484.000       1.9638
 485.000       1.6621
 486.000       1.7269
 487.000       2.2963
 488.000       1.5634
 489.000       1.4433
 490.000       2.0883
 491.000       1.9088
 492.000       1.3449
 493.000       1.4844
 494.000       1.8049
 495.000       3.4522
 496.000       1.1372
 497.000       0.8358
 498.000       0.7937
 499.000       0.7307
 500.000       1.1297
 501.000       0.7359
 502.000       0.7500
 503.000       0.8605
 504.000       1.2616
 505.000       0.9557
 506.000       1.2372
 507.000       0.8433
 508.000       1.0362
 509.000       1.0607
 510.000       0.9483
 511.000       0.7798
 512.000       1.0954
 513.000       1.4237
 514.000       3.0443
 515.000       3.9278
 516.000       5.0072
 517.000       7.1830
 518.000       8.5365
 519.000       9.5420
 520.000      11.5242
 521.000      12.8128
 522.000      14.8330
 523.000      15.8668
 524.000      17.8133
