#Res        AtomicFlx
 749.000       3.3988
 750.000       2.8005
 751.000       2.7309
 752.000       3.2412
 753.000       4.3910
 754.000       5.1933
 755.000       4.2411
 756.000       4.4158
 757.000       5.1160
 758.000       3.0627
 759.000       2.7957
 760.000       1.7431
 761.000       1.5211
 762.000       1.2769
 763.000       1.6291
 764.000       1.1887
 765.000       1.2793
 766.000       0.9539
 767.000       1.0690
 768.000       1.4619
 769.000       0.9099
 770.000       0.9600
 771.000       0.8383
 772.000       1.1754
 773.000       0.9811
 774.000       0.7584
 775.000       0.7513
 776.000       0.7762
 777.000       0.8185
 778.000       0.7740
 779.000       1.0211
 780.000       1.0014
 781.000       0.9460
 782.000       1.1469
 783.000       1.5741
 784.000       1.8776
 785.000       1.2057
 786.000       1.8697
 787.000       1.1924
 788.000       1.2029
 789.000       1.4690
 790.000       1.1420
 791.000       0.9489
 792.000       0.9427
 793.000       1.4014
 794.000       0.8521
 795.000       0.8143
 796.000       0.7813
 797.000       0.7660
 798.000       0.8648
 799.000       0.7820
 800.000       0.7117
 801.000       0.7491
 802.000       0.7921
 803.000       0.7547
 804.000       0.9359
 805.000       0.9437
 806.000       0.8128
 807.000       0.7373
 808.000       0.8114
 809.000       1.1253
 810.000       0.8441
 811.000       0.8209
 812.000       1.2827
 813.000       1.0172
 814.000       0.8030
 815.000       0.9452
 816.000       1.4099
 817.000       1.0613
 818.000       1.0310
 819.000       1.7311
 820.000       1.8457
 821.000       1.5717
 822.000       1.7599
 823.000       1.2558
 824.000       1.3580
 825.000       1.5403
 826.000       0.7559
 827.000       0.7759
 828.000       0.7395
 829.000       0.7970
 830.000       0.7979
 831.000       0.7252
 832.000       1.1080
 833.000       1.1356
 834.000       0.9267
 835.000       1.0273
 836.000       1.7496
 837.000       1.7454
 838.000       1.6194
 839.000       1.8562
 840.000       1.5362
 841.000       1.2197
 842.000       1.3392
 843.000       1.6518
 844.000       1.2569
 845.000       1.3939
 846.000       1.7545
 847.000       2.6112
 848.000       1.0442
 849.000       0.7947
 850.000       0.7928
 851.000       0.7221
 852.000       1.1854
 853.000       0.7099
 854.000       0.7384
 855.000       0.8732
 856.000       1.2297
 857.000       0.9910
 858.000       1.2011
 859.000       0.9518
 860.000       1.1315
 861.000       1.0529
 862.000       0.8876
 863.000       0.8076
 864.000       0.9366
 865.000       1.1197
 866.000       1.8449
 867.000       1.6512
 868.000       1.5963
 869.000       2.5875
 870.000       3.2333
 871.000       4.9691
 872.000       7.0247
 873.000       8.4656
 874.000      10.9642
 875.000      12.1011
 876.000      14.1734
