#Res        AtomicFlx
 397.000       9.8107
 398.000       8.1451
 399.000       7.7403
 400.000       6.6320
 401.000       7.2866
 402.000       6.1150
 403.000       4.9848
 404.000       5.0910
 405.000       4.9795
 406.000       3.1884
 407.000       4.3050
 408.000       2.9043
 409.000       3.0478
 410.000       1.6105
 411.000       1.4210
 412.000       0.9554
 413.000       0.9452
 414.000       0.9045
 415.000       0.9905
 416.000       1.2201
 417.000       0.8372
 418.000       0.8903
 419.000       0.7961
 420.000       1.0166
 421.000       0.9439
 422.000       0.7366
 423.000       0.7132
 424.000       0.7640
 425.000       0.9039
 426.000       0.7347
 427.000       0.8065
 428.000       0.9747
 429.000       1.0061
 430.000       0.9154
 431.000       1.0281
 432.000       1.2929
 433.000       1.0054
 434.000       1.4780
 435.000       0.9257
 436.000       0.9828
 437.000       1.3969
 438.000       0.9393
 439.000       0.9221
 440.000       0.8609
 441.000       0.8394
 442.000       0.7400
 443.000       0.6921
 444.000       0.7043
 445.000       0.7106
 446.000       0.7218
 447.000       0.6985
 448.000       0.6576
 449.000       0.6667
 450.000       0.6791
 451.000       0.6887
 452.000       0.8800
 453.000       0.8222
 454.000       0.7474
 455.000       0.7203
 456.000       0.7906
 457.000       1.1058
 458.000       0.8329
 459.000       0.8056
 460.000       1.2672
 461.000       0.9788
 462.000       0.7739
 463.000       0.8688
 464.000       1.2707
 465.000       0.9495
 466.000       0.9184
 467.000       1.6403
 468.000       1.6790
 469.000       1.5057
 470.000       1.6053
 471.000       1.3407
 472.000       1.0986
 473.000       1.5016
 474.000       0.7227
 475.000       0.7276
 476.000       0.6550
 477.000       0.7287
 478.000       0.7715
 479.000       0.7060
 480.000       0.8556
 481.000       1.1095
 482.000       0.9414
 483.000       1.0779
 484.000       1.7414
 485.000       2.1873
 486.000       2.0453
 487.000       2.2399
 488.000       1.8457
 489.000       1.2990
 490.000       1.6542
 491.000       1.6786
 492.000       1.3663
 493.000       1.6373
 494.000       1.9905
 495.000       2.4856
 496.000       0.9630
 497.000       0.7962
 498.000       0.7284
 499.000       0.6363
 500.000       1.0111
 501.000       0.6494
 502.000       0.7092
 503.000       0.8711
 504.000       1.1504
 505.000       0.9865
 506.000       1.2797
 507.000       0.9536
 508.000       1.0027
 509.000       1.0595
 510.000       0.9453
 511.000       0.8083
 512.000       1.0772
 513.000       1.3611
 514.000       2.6350
 515.000       3.9716
 516.000       4.8276
 517.000       6.5281
 518.000       7.3758
 519.000       7.2642
 520.000       8.2463
 521.000       7.6652
 522.000       9.3563
 523.000       9.8730
 524.000      11.9737
