#Res        AtomicFlx
 397.000      17.8775
 398.000      16.2610
 399.000      16.0769
 400.000      13.1554
 401.000      11.4196
 402.000       9.9912
 403.000       6.8280
 404.000       5.0179
 405.000       4.0901
 406.000       3.6730
 407.000       5.2686
 408.000       3.2373
 409.000       2.1207
 410.000       2.2800
 411.000       2.0947
 412.000       1.2022
 413.000       1.4018
 414.000       0.9949
 415.000       1.1366
 416.000       1.5956
 417.000       0.8759
 418.000       0.9421
 419.000       0.8563
 420.000       1.2172
 421.000       0.9738
 422.000       0.8581
 423.000       0.8128
 424.000       0.9144
 425.000       1.3099
 426.000       0.7958
 427.000       1.0495
 428.000       1.0648
 429.000       1.0719
 430.000       0.9474
 431.000       1.5402
 432.000       1.5493
 433.000       0.9787
 434.000       1.5002
 435.000       1.1129
 436.000       1.0456
 437.000       1.6109
 438.000       1.3018
 439.000       0.9493
 440.000       0.9221
 441.000       0.9696
 442.000       0.8127
 443.000       0.7216
 444.000       0.7407
 445.000       0.7258
 446.000       0.7313
 447.000       0.6768
 448.000       0.6511
 449.000       0.6589
 450.000       0.6560
 451.000       0.6759
 452.000       0.8962
 453.000       0.8308
 454.000       0.7476
 455.000       0.7326
 456.000       0.8208
 457.000       1.1985
 458.000       0.8293
 459.000       0.8364
 460.000       1.3626
 461.000       1.0394
 462.000       0.8546
 463.000       1.0258
 464.000       1.3730
 465.000       1.0876
 466.000       1.0905
 467.000       2.2765
 468.000       1.8026
 469.000       1.6305
 470.000       1.8308
 471.000       1.2890
 472.000       1.3457
 473.000       1.3155
 474.000       0.7698
 475.000       0.7135
 476.000       0.6557
 477.000       0.7450
 478.000       0.7931
 479.000       0.7399
 480.000       1.0607
 481.000       1.2342
 482.000       0.9540
 483.000       1.1073
 484.000       1.8890
 485.000       1.6983
 486.000       1.6299
 487.000       2.0884
 488.000       1.5588
 489.000       1.2440
 490.000       1.7055
 491.000       1.7787
 492.000       1.3835
 493.000       1.4926
 494.000       1.8110
 495.000       1.9101
 496.000       1.0029
 497.000       0.7384
 498.000       0.7398
 499.000       0.6864
 500.000       1.0989
 501.000       0.6617
 502.000       0.7261
 503.000       0.9027
 504.000       1.3274
 505.000       1.0209
 506.000       1.3499
 507.000       1.0085
 508.000       1.0815
 509.000       1.1216
 510.000       1.0439
 511.000       0.8615
 512.000       1.1321
 513.000       1.5150
 514.000       2.4771
 515.000       4.3259
 516.000       5.0475
 517.000       7.2954
 518.000       7.8774
 519.000       8.0090
 520.000       6.7205
 521.000       7.5985
 522.000       8.2615
 523.000       8.6986
 524.000       9.6931
