#Res        AtomicFlx
 749.000      12.2748
 750.000      10.8477
 751.000      10.6031
 752.000       8.0556
 753.000       7.1007
 754.000       6.2901
 755.000       4.3816
 756.000       3.5552
 757.000       3.8916
 758.000       2.1694
 759.000       2.2688
 760.000       2.1138
 761.000       2.0301
 762.000       2.8198
 763.000       2.0097
 764.000       1.7400
 765.000       1.6926
 766.000       1.4319
 767.000       1.4514
 768.000       1.7557
 769.000       1.2262
 770.000       1.3070
 771.000       1.2303
 772.000       1.4253
 773.000       1.2819
 774.000       1.1746
 775.000       1.2395
 776.000       1.3883
 777.000       1.3976
 778.000       1.1388
 779.000       1.1978
 780.000       1.5709
 781.000       1.2982
 782.000       1.2621
 783.000       1.3912
 784.000       1.8043
 785.000       1.3111
 786.000       1.7697
 787.000       1.2547
 788.000       1.2560
 789.000       1.6527
 790.000       1.1631
 791.000       1.1451
 792.000       1.2863
 793.000       1.3704
 794.000       1.0062
 795.000       0.8613
 796.000       1.0284
 797.000       0.9991
 798.000       0.8720
 799.000       0.8559
 800.000       0.9122
 801.000       0.8956
 802.000       0.8058
 803.000       0.8364
 804.000       1.1267
 805.000       0.9683
 806.000       0.8373
 807.000       0.8779
 808.000       0.9831
 809.000       1.2232
 810.000       0.9019
 811.000       0.9808
 812.000       1.5012
 813.000       1.1478
 814.000       0.9086
 815.000       1.1104
 816.000       1.4904
 817.000       1.1332
 818.000       1.1547
 819.000       2.0478
 820.000       1.8808
 821.000       1.5662
 822.000       1.8444
 823.000       1.3888
 824.000       1.3910
 825.000       1.3018
 826.000       0.8869
 827.000       0.8127
 828.000       0.7559
 829.000       1.0989
 830.000       0.8273
 831.000       0.7775
 832.000       1.1899
 833.000       1.1687
 834.000       0.9906
 835.000       1.0355
 836.000       1.9771
 837.000       1.8225
 838.000       1.4792
 839.000       1.7703
 840.000       1.4797
 841.000       1.0653
 842.000       1.0922
 843.000       1.4351
 844.000       0.9911
 845.000       1.0748
 846.000       1.2494
 847.000       2.2683
 848.000       1.0012
 849.000       0.8728
 850.000       0.8173
 851.000       0.7765
 852.000       1.1444
 853.000       0.8003
 854.000       0.8227
 855.000       0.9745
 856.000       1.1150
 857.000       1.0240
 858.000       1.2865
 859.000       1.1456
 860.000       1.1390
 861.000       1.1381
 862.000       1.0293
 863.000       0.9413
 864.000       1.1089
 865.000       1.2802
 866.000       1.6252
 867.000       2.4350
 868.000       2.3551
 869.000       3.6414
 870.000       2.8052
 871.000       2.1761
 872.000       1.7456
 873.000       1.4020
 874.000       1.2499
 875.000       1.6723
 876.000       1.9539
