#Res        AtomicFlx
 397.000      12.4159
 398.000      10.8859
 399.000      10.7637
 400.000       8.9493
 401.000       8.6943
 402.000       9.1680
 403.000       7.2534
 404.000       6.1402
 405.000       5.7437
 406.000       3.9131
 407.000       2.9061
 408.000       2.2248
 409.000       1.7906
 410.000       1.9071
 411.000       1.7411
 412.000       1.2583
 413.000       1.2658
 414.000       0.9672
 415.000       1.0713
 416.000       1.4469
 417.000       0.8795
 418.000       0.9324
 419.000       0.8273
 420.000       1.0490
 421.000       0.8374
 422.000       0.7860
 423.000       0.7808
 424.000       0.8100
 425.000       0.8780
 426.000       0.7730
 427.000       1.0856
 428.000       1.6132
 429.000       0.9526
 430.000       1.0538
 431.000       1.7792
 432.000       1.7435
 433.000       1.2779
 434.000       1.7358
 435.000       1.2166
 436.000       1.5494
 437.000       2.1534
 438.000       1.3843
 439.000       0.9644
 440.000       0.8637
 441.000       0.8981
 442.000       0.7883
 443.000       0.7167
 444.000       0.7341
 445.000       0.7371
 446.000       0.7710
 447.000       0.7190
 448.000       0.6826
 449.000       0.7115
 450.000       0.7483
 451.000       0.7008
 452.000       0.8961
 453.000       0.8891
 454.000       0.7576
 455.000       0.7124
 456.000       0.8013
 457.000       1.1692
 458.000       0.8490
 459.000       0.7740
 460.000       1.2873
 461.000       1.0328
 462.000       0.8131
 463.000       0.9050
 464.000       1.3773
 465.000       1.0460
 466.000       0.9825
 467.000       1.7940
 468.000       1.8076
 469.000       1.6215
 470.000       1.6798
 471.000       1.2312
 472.000       1.2167
 473.000       1.2593
 474.000       0.7548
 475.000       0.7949
 476.000       0.8016
 477.000       0.8308
 478.000       0.7803
 479.000       0.8086
 480.000       1.2665
 481.000       1.1913
 482.000       1.0294
 483.000       1.3303
 484.000       2.2756
 485.000       1.9069
 486.000       1.9990
 487.000       2.1462
 488.000       2.0839
 489.000       1.4591
 490.000       1.7480
 491.000       1.9569
 492.000       1.2974
 493.000       1.3782
 494.000       1.3389
 495.000       2.5220
 496.000       1.0641
 497.000       0.7910
 498.000       0.8799
 499.000       0.8156
 500.000       1.1646
 501.000       0.7992
 502.000       0.8187
 503.000       0.9234
 504.000       1.1942
 505.000       1.0282
 506.000       1.2867
 507.000       1.0203
 508.000       1.1155
 509.000       1.1466
 510.000       1.0650
 511.000       0.9272
 512.000       1.1619
 513.000       1.4712
 514.000       2.8965
 515.000       3.8732
 516.000       5.3333
 517.000       7.3994
 518.000       9.3068
 519.000      11.0953
 520.000      12.4873
 521.000      13.1699
 522.000      13.2495
 523.000      13.8302
 524.000      14.9700
