#Res        AtomicFlx
 749.000       8.1600
 750.000       6.3016
 751.000       5.8971
 752.000       4.3415
 753.000       5.1545
 754.000       5.6628
 755.000       4.6451
 756.000       5.0509
 757.000       6.2097
 758.000       3.6509
 759.000       3.5441
 760.000       2.3307
 761.000       1.8193
 762.000       1.3966
 763.000       1.6301
 764.000       1.1398
 765.000       1.2614
 766.000       0.8888
 767.000       0.9865
 768.000       1.4290
 769.000       0.8002
 770.000       0.8352
 771.000       0.7455
 772.000       1.0570
 773.000       0.8215
 774.000       0.7356
 775.000       0.7423
 776.000       0.7657
 777.000       0.7560
 778.000       0.6869
 779.000       0.9677
 780.000       0.8378
 781.000       0.8890
 782.000       0.8815
 783.000       1.4969
 784.000       1.5532
 785.000       1.0220
 786.000       1.5548
 787.000       0.9271
 788.000       0.9694
 789.000       1.4429
 790.000       1.1042
 791.000       0.8486
 792.000       0.8054
 793.000       0.8884
 794.000       0.7516
 795.000       0.6473
 796.000       0.6766
 797.000       0.6836
 798.000       0.6738
 799.000       0.6462
 800.000       0.6185
 801.000       0.6242
 802.000       0.6583
 803.000       0.6622
 804.000       0.8450
 805.000       0.7616
 806.000       0.7128
 807.000       0.6791
 808.000       0.6950
 809.000       1.0338
 810.000       0.7828
 811.000       0.7417
 812.000       1.1907
 813.000       0.9465
 814.000       0.7428
 815.000       0.8300
 816.000       1.2792
 817.000       0.8756
 818.000       0.8642
 819.000       1.7165
 820.000       1.6268
 821.000       1.4292
 822.000       1.5340
 823.000       1.1190
 824.000       1.0595
 825.000       1.3397
 826.000       0.7001
 827.000       0.7148
 828.000       0.7025
 829.000       0.7150
 830.000       0.7430
 831.000       0.7534
 832.000       0.9508
 833.000       0.9299
 834.000       0.8934
 835.000       0.9790
 836.000       1.7181
 837.000       1.5271
 838.000       1.4488
 839.000       1.9235
 840.000       1.3412
 841.000       1.0735
 842.000       1.4358
 843.000       1.4605
 844.000       1.1356
 845.000       1.5856
 846.000       1.8208
 847.000       2.6101
 848.000       0.9930
 849.000       0.8427
 850.000       0.7474
 851.000       0.7123
 852.000       1.3201
 853.000       0.6701
 854.000       0.7001
 855.000       0.8123
 856.000       1.0994
 857.000       1.0387
 858.000       1.2507
 859.000       0.9298
 860.000       1.2021
 861.000       1.1570
 862.000       1.0341
 863.000       0.9422
 864.000       1.1553
 865.000       1.4292
 866.000       2.1531
 867.000       2.0370
 868.000       1.9280
 869.000       3.0001
 870.000       3.2084
 871.000       4.1121
 872.000       5.5686
 873.000       6.3651
 874.000       8.0758
 875.000       9.9186
 876.000      11.5353
