#Frame   AVERAGE_00010 AVERAGE_00010[SD]
       1        9.2029            3.2043
       2        8.0844            3.1023
       3        8.1246            3.2858
       4        7.0383            2.7970
       5        7.6232            2.7834
       6        7.3267            2.1290
       7        5.5982            1.4950
       8        5.0124            0.9750
       9        5.2965            0.7832
      10        3.1164            0.5126
      11        3.0441            0.4657
      12        2.0642            0.3673
      13        1.6068            0.2803
      14        1.5675            0.6316
      15        1.7285            0.1599
      16        1.2903            0.2385
      17        1.3568            0.1720
      18        1.0692            0.1896
      19        1.1539            0.1583
      20        1.5646            0.1155
      21        0.9867            0.1426
      22        1.0278            0.1564
      23        0.9305            0.1642
      24        1.2341            0.1306
      25        1.0359            0.1483
      26        0.8642            0.1594
      27        0.8701            0.1880
      28        0.9137            0.2397
      29        0.9209            0.2400
      30        0.8338            0.1570
      31        1.0444            0.0793
      32        1.0432            0.2720
      33        0.9929            0.1546
      34        1.0561            0.1394
      35        1.5144            0.0680
      36        1.6520            0.1588
      37        1.1437            0.1027
      38        1.6965            0.1460
      39        1.1054            0.1127
      40        1.1619            0.1009
      41        1.5479            0.0796
      42        1.2578            0.1594
      43        1.0026            0.1044
      44        1.0022            0.1586
      45        1.1394            0.2072
      46        0.8953            0.0908
      47        0.7974            0.0795
      48        0.8200            0.1153
      49        0.8226            0.1059
      50        0.8200            0.0748
      51        0.7647            0.0674
      52        0.7471            0.0949
      53        0.7649            0.0866
      54        0.7564            0.0538
      55        0.7571            0.0578
      56        0.9764            0.0915
      57        0.9074            0.0796
      58        0.8023            0.0555
      59        0.7756            0.0746
      60        0.8471            0.0996
      61        1.1482            0.0723
      62        0.8729            0.0580
      63        0.8729            0.0953
      64        1.3482            0.1053
      65        1.0730            0.0813
      66        0.8561            0.0790
      67        0.9971            0.1059
      68        1.4127            0.0990
      69        1.0584            0.1132
      70        1.0510            0.1097
      71        1.8338            0.1186
      72        1.8026            0.1199
      73        1.5592            0.0834
      74        1.7271            0.1160
      75        1.2836            0.0956
      76        1.2677            0.1217
      77        1.4348            0.0998
      78        0.8058            0.0800
      79        0.7911            0.0573
      80        0.7457            0.0576
      81        1.0408            0.2662
      82        0.8306            0.0699
      83        0.7853            0.0652
      84        1.0929            0.1141
      85        1.0950            0.1368
      86        0.9843            0.0779
      87        1.1286            0.1655
      88        2.0288            0.3733
      89        1.7899            0.1664
      90        1.6601            0.2054
      91        2.0118            0.2236
      92        1.5200            0.1330
      93        1.2504            0.1796
      94        1.5614            0.3833
      95        1.7125            0.2942
      96        1.2505            0.1808
      97        1.5009            0.2740
      98        1.6224            0.2787
      99        2.1579            0.4360
     100        0.9862            0.0793
     101        0.8007            0.0686
     102        0.7874            0.0623
     103        0.7336            0.0579
     104        1.1939            0.0689
     105        0.7465            0.0664
     106        0.7799            0.0689
     107        0.9564            0.1026
     108        1.2085            0.1697
     109        1.0608            0.1055
     110        1.2634            0.0730
     111        1.0240            0.0888
     112        1.1534            0.0253
     113        1.1316            0.0401
     114        1.0148            0.0653
     115        0.9147            0.0555
     116        1.1133            0.0982
     117        1.3711            0.1804
     118        2.2711            0.5235
     119        2.7605            0.9422
     120        3.0199            1.3266
     121        4.7333            2.0687
     122        5.0059            2.3896
     123        5.7692            2.8397
     124        6.8713            3.4930
     125        7.7052            4.1374
     126        9.1457            4.8518
     127       10.2376            4.9926
     128       11.8043            5.4965
