#Frame   AVERAGE_00010 AVERAGE_00010[SD]
       1       12.0251            3.7334
       2       10.6288            3.3681
       3       10.6848            2.9294
       4        8.4342            2.5868
       5        7.8257            2.1269
       6        7.1922            1.9871
       7        5.2400            1.7244
       8        4.4196            1.4453
       9        4.0612            1.2635
      10        2.9398            0.8389
      11        3.4300            1.1691
      12        2.3985            0.5959
      13        2.1152            0.5140
      14        1.7875            0.2767
      15        1.7639            0.2224
      16        1.2002            0.1358
      17        1.2388            0.1579
      18        0.9950            0.0565
      19        1.1081            0.0706
      20        1.4189            0.1627
      21        0.9159            0.0669
      22        0.9585            0.0486
      23        0.8510            0.0363
      24        1.0819            0.0698
      25        0.9189            0.0470
      26        0.8196            0.0510
      27        0.8072            0.0576
      28        0.8733            0.0780
      29        1.0694            0.1730
      30        0.7951            0.0418
      31        0.9764            0.1000
      32        1.2217            0.2245
      33        1.0626            0.0807
      34        1.0072            0.0696
      35        1.3893            0.2760
      36        1.5770            0.1567
      37        1.1533            0.1473
      38        1.6141            0.1365
      39        1.1145            0.1388
      40        1.2412            0.2282
      41        1.7200            0.2466
      42        1.2151            0.1545
      43        1.0206            0.1041
      44        1.0275            0.2082
      45        1.0362            0.1815
      46        0.8451            0.0840
      47        0.7442            0.0432
      48        0.7681            0.0535
      49        0.7548            0.0382
      50        0.7590            0.0303
      51        0.7097            0.0201
      52        0.6743            0.0186
      53        0.6904            0.0246
      54        0.6983            0.0323
      55        0.6901            0.0171
      56        0.8861            0.0083
      57        0.8536            0.0462
      58        0.7448            0.0214
      59        0.7141            0.0136
      60        0.7941            0.0162
      61        1.1572            0.0399
      62        0.8357            0.0106
      63        0.7980            0.0229
      64        1.3017            0.0331
      65        1.0266            0.0321
      66        0.8118            0.0256
      67        0.9364            0.0545
      68        1.3476            0.0480
      69        1.0297            0.0449
      70        0.9956            0.0554
      71        1.8986            0.2543
      72        1.7553            0.0498
      73        1.5851            0.0451
      74        1.6951            0.0738
      75        1.2628            0.0460
      76        1.2049            0.0806
      77        1.2933            0.1189
      78        0.7360            0.0238
      79        0.7459            0.0319
      80        0.7099            0.0555
      81        0.8644            0.1708
      82        0.7841            0.0178
      83        0.7402            0.0364
      84        1.0491            0.1434
      85        1.1858            0.0425
      86        0.9539            0.0411
      87        1.1192            0.1393
      88        1.8805            0.2463
      89        1.8703            0.1873
      90        1.7976            0.1894
      91        2.1088            0.1827
      92        1.6802            0.2562
      93        1.2765            0.1886
      94        1.6387            0.3550
      95        1.7099            0.2607
      96        1.2532            0.1918
      97        1.3859            0.2391
      98        1.6057            0.3388
      99        2.4592            0.5615
     100        1.0044            0.0952
     101        0.7992            0.0357
     102        0.7947            0.0566
     103        0.7271            0.0622
     104        1.1186            0.0618
     105        0.7241            0.0596
     106        0.7678            0.0502
     107        0.9134            0.0528
     108        1.2221            0.0642
     109        1.0074            0.0322
     110        1.3025            0.0458
     111        0.9930            0.0962
     112        1.0749            0.0499
     113        1.1186            0.0549
     114        1.0269            0.0716
     115        0.8732            0.0767
     116        1.1859            0.1415
     117        1.5035            0.1318
     118        3.0168            0.5443
     119        4.0873            0.2022
     120        5.1037            0.1903
     121        7.0611            0.3144
     122        8.2237            0.6558
     123        9.1570            1.3653
     124        9.9977            2.1615
     125       10.4726            2.4211
     126       11.4493            2.4184
     127       12.1277            2.5992
     128       13.7091            2.7468
