# Internal Elec VdW
0 -21.432500 84.716000 -321.571750
1 228.472700 -149.866600 -121.789407
2 -298.791000 171.156600 -189.436556
3 -4.269000 -20.749400 -380.742282
4 -403.153800 57.335800 -304.280925
5 -77.010100 80.766800 -294.158157
6 -70.578400 206.361100 -290.026796
7 414.104100 -25.015400 -171.896203
8 -37.493200 176.324100 -224.240003
9 76.691900 -0.796600 -181.582060
10 -340.600400 320.860900 -276.980589
11 323.259800 214.004700 -332.549371
12 155.255400 259.488500 -273.183924
13 -115.201700 391.364500 -214.591036
14 192.434800 116.537200 -249.491403
15 -65.415000 95.453300 -202.389443
16 -54.325300 145.107800 -270.430425
17 77.552800 61.763500 -307.912672
18 -137.703300 396.091200 -271.446303
19 -342.352700 387.609000 -407.645685
20 197.108100 299.608900 -87.008153
21 219.920200 116.693600 -233.120466
22 -9.087700 253.656600 -263.832244
23 -342.338300 260.744300 -118.386657
24 62.816700 213.688200 -303.881379
25 -225.257600 352.636400 -290.702462
26 127.365900 222.363000 -324.202121
27 -105.039500 237.341900 -119.414878
28 300.712000 208.235200 -316.261099
29 -38.695200 -79.348300 27.629958
30 231.903300 217.091800 -195.952418
31 -291.368700 273.787300 -132.175668
32 -41.600900 243.410300 -179.516448
33 -361.238500 376.036500 -251.031399
34 54.519300 304.266700 -271.099197
35 -385.676100 442.721500 -292.655443
36 165.316200 189.989300 -128.833242
37 18.185300 293.148700 -315.917673
38 -17.432000 441.168500 -329.018337
39 263.506600 238.198000 -228.488967
40 51.913800 149.562700 -145.028112
41 160.816100 79.611900 -130.978662
42 351.314300 12.064500 -157.760853
43 347.230300 205.906200 -260.244225
44 8.792400 199.192100 -318.329724
45 39.057300 166.379000 -280.798078
46 -20.115800 302.985000 -377.326775
47 114.945900 309.213200 -351.666321
48 42.763900 59.267800 -209.905923
49 -376.289000 120.472900 -91.962070
50 183.103300 216.242000 -235.102897
51 -5.472600 228.707600 -144.129519
52 166.433500 128.138000 -135.736036
53 -148.469900 267.112500 -51.313381
54 -38.904000 428.949300 -184.067427
55 -6.896500 171.221500 -278.721566
56 25.697200 186.285000 -302.342449
57 304.651700 19.036900 -291.343631
58 116.157400 217.937600 -148.060191
59 228.872200 -53.777100 -188.089070
60 -153.429300 172.592100 -134.538052
61 -208.459300 207.379300 -136.495926
62 67.931700 161.978900 -166.820674
63 196.296100 40.757100 -173.001107
64 282.831300 227.221600 -211.186858
65 335.450400 199.264700 -202.818843
66 155.031800 422.930900 -284.908587
67 -103.781900 159.392400 -322.461780
68 -183.466900 248.756700 -258.728929
69 520.261600 49.625500 -294.151330
70 343.480200 206.277500 -138.695596
71 -7.219600 208.564400 -278.294531
72 -191.965400 170.198400 -184.966031
73 413.390100 303.131300 -409.260421
74 365.578700 169.542400 -263.046018
75 237.321800 377.248100 -300.894039
76 202.245900 172.120500 -177.361377
77 270.658200 136.635100 -354.428272
78 -258.139700 357.678900 -513.079454
79 -188.624200 280.657200 -204.695868
80 77.157500 331.656900 -268.607537
81 32.100400 382.100500 -456.420127
82 -19.876900 310.468100 -147.143259
83 -124.123400 171.432500 -67.143748
84 332.528100 79.321000 -171.631172
85 -9.041200 80.226800 -274.609461
86 -63.841300 344.325200 -315.191325
87 242.619100 298.748900 -327.171870
88 127.583000 -27.738500 -224.253736
89 12.545700 -44.225500 -274.383716
90 327.339800 188.964000 -220.493769
91 176.291100 126.849600 -392.608400
92 115.552200 207.143800 -373.031210
93 -87.228000 358.488500 -319.796039
94 -167.078000 406.037100 -368.032180
95 -147.696100 254.594500 -312.532318
96 -0.312300 18.809200 -183.932694
97 119.400700 162.930300 -151.982863
98 284.660100 208.665300 -141.425242
99 110.439600 93.498900 -166.876942
100 69.340400 153.671300 -301.963292
101 -246.205200 243.953400 -111.952042
102 16.348000 245.523700 -254.175112
103 -139.756000 215.791000 -209.044815
104 344.846400 201.469400 -175.539729
105 -150.375500 243.759100 -19.080855
106 -141.194800 277.657900 -128.543788
107 112.774400 205.446800 -142.373515
108 -21.705400 19.187400 -31.673561
109 -47.880400 66.941100 -247.053168
110 -234.163900 208.880000 -173.698386
111 174.171900 37.824100 -180.994664
112 -57.049000 193.578900 -114.907202
113 215.076100 181.323400 -319.420201
114 -490.767200 250.608800 -194.301540
115 107.069500 -30.114700 -172.714195
116 53.769300 144.361100 -147.449842
117 -226.529800 122.878200 -233.810379
118 -165.631800 130.153700 -229.544160
119 -59.963000 438.476000 -210.751198
120 -59.230100 -70.448400 -159.403111
121 -66.204900 38.471600 -7.400926
122 7.471100 226.653800 -51.426850
123 97.982200 260.537500 -372.820690
124 -289.898100 141.200800 -166.718940
125 76.081200 184.955700 -336.412718
126 -6.616600 -15.403000 -276.273666
127 -55.291600 269.234400 -381.745046
128 -20.562500 402.545600 -286.116061
129 182.569300 195.256600 -323.489668
130 -42.110700 307.206300 -229.350788
131 -106.294400 217.572600 -203.482382
132 26.727000 203.361300 -177.397963
133 206.479900 99.543000 -274.572166
134 -69.697800 194.148900 -170.905806
135 151.397700 114.735700 -136.720524
136 -137.183500 299.548000 -284.654249
137 -240.977300 165.434900 -212.509864
138 18.018700 131.071500 -149.508263
139 95.649100 208.443200 -352.629569
140 -174.617900 113.879500 -181.811913
141 38.056200 154.715600 -191.311466
142 -128.151800 262.597200 -279.917540
143 62.433600 194.472100 -330.429499
144 -56.686200 146.983800 -243.380106
145 -59.199600 109.622500 -249.910488
146 -35.615900 241.634400 -129.741075
147 -178.540700 98.492700 -267.665076
148 14.830200 16.974400 -117.361071
149 33.979500 59.617800 -34.922925
150 -128.665000 189.696900 -263.295954
151 32.106800 220.973200 -412.200557
152 -241.475000 -48.753700 -22.465582
153 -261.020200 59.586300 -260.470047
154 -179.911100 110.050200 -211.570045
155 287.343900 66.072200 -329.387332
156 126.769400 110.085300 -429.679317
157 440.975400 98.135000 -306.088639
158 -16.824400 25.783300 -404.219073
159 106.393900 182.253600 -319.808253
160 18.716200 253.985300 -338.403592
161 456.297000 -10.278200 -369.655311
162 25.108800 22.537700 -228.091131
163 433.861700 137.288700 -342.499642
164 100.972700 80.045500 -262.434688
165 53.921000 291.088400 -220.411354
166 182.853700 129.593000 -267.732732
167 313.947600 227.627200 -377.898072
168 21.431600 74.063100 -291.934606
169 4.055400 -39.094800 -234.016187
170 317.581900 142.652800 -595.358407
171 -109.273300 51.515000 -284.813689
172 -38.430600 -80.183500 -210.236501
173 -285.441900 -58.988300 -225.357497
174 228.452100 -27.289300 -440.828434
175 -348.262500 212.965900 -224.437695
176 440.356800 -54.897900 -403.921377
177 -95.607600 54.780100 -317.654419
178 122.545000 165.497900 -388.186485
179 -62.139900 247.222500 -399.905457
180 73.069800 123.360600 -302.811831
181 -121.705900 90.171300 -186.408651
182 -243.730900 55.950100 -303.699193
183 114.887200 186.506600 -320.854724
184 128.186700 206.743000 -329.715095
185 39.796600 196.777500 -305.667158
186 331.140500 136.064300 -429.127730
187 86.467700 42.198400 -174.160992
188 -233.785700 280.726800 -342.522355
189 -182.563500 159.646800 -392.514165
190 -334.385600 333.950200 -379.682459
191 179.358700 232.889000 -295.414364
192 -142.138800 167.166500 -305.915402
193 9.192300 21.108400 -172.066594
194 -76.267900 115.133100 -319.026224
195 81.787200 71.099900 -270.010109
196 -3.241400 147.415600 -315.630156
197 -247.907900 231.885600 -250.887423
198 -58.232600 -5.676200 -134.738577
199 240.901900 287.441400 -230.211035
200 -272.840500 244.594500 -332.593251
201 136.855300 169.288600 -297.283393
202 224.808400 214.850900 -289.401935
203 46.491600 172.438700 -251.142703
204 85.740700 1.339800 -207.346760
205 -255.774200 361.798900 -153.382020
206 30.214500 280.057000 -242.616980
207 170.167100 168.530100 -195.512342
208 196.708800 367.263600 -353.118592
209 163.179200 81.617000 -127.759541
210 84.669500 224.874500 -311.461595
211 106.156000 133.144000 -151.993894
212 -391.284100 252.542300 -122.250543
213 -16.849600 125.489000 -263.781489
214 333.254900 350.513300 -258.596048
215 -368.404200 267.838000 -249.427795
216 -517.632900 166.725300 -326.633925
217 -398.253400 419.150600 -306.247070
218 357.453200 173.686600 -112.899659
219 -307.615400 338.888600 -307.631578
220 -237.486700 175.627000 -146.234815
221 -147.234300 194.057600 -220.711989
222 -21.661200 212.633400 -177.821512
223 7.405000 249.946100 -259.324733
224 -389.726700 201.836000 -295.282338
225 -386.802500 274.016300 -202.881516
226 230.962700 293.763000 -177.961994
227 87.573900 302.072100 -215.862926
228 -4.542800 306.558900 -419.506128
229 184.297400 189.528300 -105.402866
230 218.397700 212.420200 -487.260344
231 -248.781100 202.270000 -355.393244
232 66.955100 220.080200 -229.200404
233 277.735200 164.481400 -312.371436
234 -60.865500 365.559100 -375.075793
235 118.481500 345.128000 -459.522804
236 -163.815600 352.125800 -428.381997
237 -170.168200 246.183000 -383.149225
238 24.551000 177.433200 -209.653502
239 94.800300 195.798500 -417.756465
240 193.329200 153.817900 -547.603703
241 393.566100 -67.177000 -282.055544
242 147.285800 220.578800 -428.751209
243 71.703800 107.850900 -313.198690
244 -249.952700 233.208100 -435.049084
245 53.117900 138.544900 -293.710545
246 235.326900 193.493100 -532.903341
247 114.250700 114.454500 -298.449845
248 -112.136400 -10.396500 -295.393889
249 180.352100 26.840000 -289.671559
250 -536.791300 226.366700 -274.541487
251 135.768400 58.198400 -278.268656
252 -10.297500 131.498600 -250.303166
253 320.004400 93.331900 -299.471072
254 283.841900 166.496900 -533.471741
255 -56.918200 215.082900 -376.838810
256 78.801300 221.376100 -422.760292
257 317.629200 235.029100 -445.277918
258 191.009200 95.506500 -315.766758
259 -28.971500 -21.565500 -265.196582
260 439.723900 116.163700 -572.434010
261 114.369600 297.715600 -448.683577
262 246.734000 128.271100 -458.864823
263 82.200000 -178.951200 -390.484854
264 223.625600 178.040300 -276.367399
265 184.104200 144.596800 -578.345181
266 385.823800 -105.711500 -508.004052
267 78.611800 218.037100 -568.112784
268 204.236000 276.957600 -477.647663
269 70.196100 161.411800 -426.694518
270 166.916600 169.628500 -332.607050
271 44.287400 -25.428200 -235.730672
272 -123.759400 222.978600 -364.570770
273 -37.186000 52.994600 -322.167506
274 257.083000 240.686500 -375.643326
275 305.641200 351.068800 -401.780550
276 -90.537000 198.976600 -217.162904
277 290.530400 34.200200 -410.162505
278 262.228000 175.170900 -457.720937
279 215.115200 -22.825400 -310.772652
280 -183.582400 87.873400 -339.917085
281 -120.909200 -4.203200 -289.624358
282 52.169500 164.598500 -336.141128
283 12.700300 86.325700 -361.029911
284 -61.026900 -22.185500 -215.298017
285 517.193400 -6.327600 -242.238452
286 -49.273700 127.445900 -242.833188
287 323.424200 88.244000 -439.620167
288 -338.808800 287.178800 -336.409418
289 219.747100 -91.325200 -425.311586
290 462.647800 255.945600 -466.188540
291 38.171700 -55.708300 -327.665232
292 119.917900 148.042400 -548.607106
293 191.569000 6.714100 -275.314576
294 238.003700 -22.583400 -406.952514
295 13.871500 170.108300 -342.091805
296 293.311400 147.527000 -156.319864
297 -148.993100 170.439400 -295.934645
298 -113.589500 112.798300 -517.481051
299 11.501100 64.388700 -199.439424
300 -221.956600 218.894600 -315.120314
301 3.730500 178.531200 -378.962508
302 149.507300 344.969900 -544.876095
303 280.145700 37.274600 -335.393685
304 368.999800 -55.864800 -239.152708
305 140.397400 119.885600 -181.134783
306 91.024800 34.575300 -227.546553
307 175.589600 162.268600 -364.437572
308 124.864400 176.190600 -402.747668
309 -439.480300 288.121900 -323.876878
310 153.443100 119.393400 -383.337722
311 -121.766300 195.472400 -316.383631
312 89.619400 105.157000 -292.454004
313 87.090800 394.553400 -274.954506
314 69.484900 135.716800 -391.458064
315 -87.612400 147.570400 -357.608188
316 -112.368600 47.771800 -402.444267
317 5.436600 175.122500 -522.034334
318 -37.418500 34.839100 -247.754148
319 73.093100 263.618900 -371.873869
320 -50.644400 164.172700 -401.103085
321 36.741500 184.807100 -464.944605
322 199.939100 74.115600 -393.201428
323 477.827100 -13.238300 -232.556970
324 -223.390600 181.192700 -444.922674
325 25.954700 157.406800 -278.868202
326 178.995500 94.704800 -422.804295
327 -173.891600 148.206700 -302.058275
328 -124.912300 90.487000 -242.420794
329 -326.905400 366.718100 -450.339217
330 266.311600 162.410400 -334.748945
331 169.143700 56.577700 -296.264984
332 94.425400 111.778700 -473.796700
333 8.622700 201.013000 -434.462072
334 52.123800 213.597100 -414.541544
335 55.070300 65.357800 -439.234001
336 -380.723800 143.410300 -408.239412
337 268.561800 41.540800 -175.470975
338 -83.646200 1.487500 -191.260053
339 -49.828000 67.253600 -355.000467
340 25.919900 145.812400 -168.475878
341 -192.457100 58.545500 -183.208361
342 66.502700 73.398100 -396.687132
343 -38.628600 72.215700 -217.473853
344 -302.909400 186.291900 -357.318273
345 -141.809400 195.351500 -227.994990
346 -87.895800 357.746200 -445.169288
347 -47.841200 179.976000 -192.246902
348 418.785900 -119.864900 -218.895551
349 -147.097800 -27.361700 -240.362146
350 28.924400 44.523700 -297.019596
351 -146.900200 -9.584600 -304.698076
352 -52.104600 48.556200 -407.972548
353 -114.979900 97.555800 -240.195038
354 -248.992700 194.321200 -371.507730
355 -132.990700 -31.139900 -133.913153
356 42.719900 152.546900 -225.259135
357 -56.422200 47.188600 -272.509803
358 -12.517300 229.019600 -412.359209
359 292.330700 -215.419700 -337.241320
360 8.739700 294.533400 -306.010838
361 -88.950600 83.583800 -229.175478
362 -42.655400 185.037200 -275.442012
363 389.829600 206.230600 -233.467125
364 251.039000 239.904100 -398.903080
365 423.366300 27.564600 -162.600551
366 -175.944200 86.394100 -207.898909
367 44.070000 179.834300 -122.282515
368 55.441700 42.988500 -129.585256
369 -181.796900 173.514800 -268.581394
370 -94.881500 54.294700 -312.001024
371 4.763100 36.929900 -134.843264
372 -120.739900 32.968100 -172.177773
373 -119.801600 125.633400 -209.470253
374 138.065700 158.010700 -150.569015
375 9.057100 96.940800 -369.044906
376 18.523000 77.235900 -279.453614
377 -137.188700 -67.039900 -170.741760
378 133.474400 48.831500 -262.490482
379 -471.391000 41.899400 -271.473351
380 -196.366700 78.141400 -324.994233
381 -20.437100 156.749200 -178.924346
382 -447.448400 -21.119900 -119.843516
383 166.446700 173.518600 -268.377059
384 -190.441400 77.958500 -60.688944
385 -355.893900 132.017400 -188.525218
386 -45.261500 32.476100 -106.929855
387 -361.045300 -55.800600 -119.782224
388 12.163900 72.214300 -156.867946
389 276.926000 35.391600 -311.367321
390 190.541100 45.313800 -95.865670
391 270.879400 -174.036200 -88.407600
392 371.711900 -265.130000 -320.845658
393 -43.850700 7.498600 -305.201908
394 -24.383300 -3.575000 -198.885518
395 164.942700 60.549100 -176.142085
396 -27.826700 134.903000 -246.485660
397 284.190200 26.789900 -294.014622
398 31.274700 190.476900 15.201931
399 -0.066100 6.579700 -131.578765
400 205.637800 -74.306200 -207.290999
401 52.284800 106.785100 -263.493831
402 -143.565200 34.871600 -161.385660
403 33.700800 -26.879400 -178.424370
404 -27.083900 96.963800 -210.258189
405 320.313700 69.540700 -152.991280
406 -50.523700 71.076100 -168.977771
407 253.351000 -257.327800 -224.642668
408 166.440100 88.840200 -306.264795
409 308.497500 17.435700 -412.417642
410 6.448400 170.476500 -319.193294
411 86.922000 53.858000 -162.537544
412 -166.004200 65.228600 -204.055023
413 61.188100 122.692000 -169.665592
414 -6.097500 1.007100 -205.252942
415 152.790300 -146.935800 -86.937685
416 327.966600 -143.644000 -429.498396
417 39.368800 35.287900 -233.035230
418 -372.346100 -150.650600 -306.690817
419 214.384600 91.261700 -410.836855
420 -84.134200 216.120800 -193.745581
421 175.334500 75.368600 -246.474458
422 -54.983100 200.365400 -270.744173
423 234.254800 -163.110700 -56.859377
424 -66.272700 173.129200 -289.919512
425 128.534000 78.496500 -300.455964
426 270.983800 -63.894500 -90.514260
427 -489.433000 228.908000 -261.206817
428 -126.368000 118.309900 -277.414047
429 -342.651200 74.562700 -165.260672
430 -8.275700 195.147600 -375.621483
431 -84.083300 190.171200 -136.236687
432 -54.060900 72.097800 -317.248060
433 93.690500 124.245100 -335.132343
434 -55.871800 -46.921100 -200.526715
435 -471.145000 27.667100 -277.135049
436 63.642900 -28.834600 -57.032808
437 -110.502800 36.628300 -130.276007
438 80.096500 193.201400 -299.392058
439 216.997200 -66.439800 -157.434408
440 -158.804200 -48.102900 -343.096823
441 -308.158400 119.003900 -348.740255
442 289.188200 59.302500 -328.920563
443 36.741000 38.520000 -230.360732
444 128.519000 126.998600 -79.903278
445 -53.707300 -70.710200 -121.051461
446 88.255800 66.106300 -178.465494
447 149.249900 99.805700 -256.964847
448 -5.390700 -130.338600 -51.421472
449 100.907000 89.565500 -322.654139
450 -186.097500 -99.468100 8.391014
451 240.157500 -27.869200 -122.273723
452 74.188800 -99.147400 -224.996994
453 94.664100 -6.287300 -212.855679
454 -253.018900 131.137600 -159.623643
455 -151.230600 151.754700 -112.545681
456 -197.548900 -22.351000 88.591616
457 98.331500 -173.466400 -186.536666
458 101.344200 57.490800 -123.021764
459 40.612300 57.021300 -199.999661
460 97.558400 -88.229700 -60.290529
461 152.899300 76.660300 -261.199431
462 -309.840400 147.258300 -216.248476
463 243.486200 -88.445200 -341.655203
464 138.803400 10.920100 -340.845534
465 82.888200 -17.216600 -89.992185
466 -78.063300 -35.206400 -277.519343
467 -229.739900 177.979700 -287.701814
468 -0.123800 62.330500 -188.301566
469 251.479500 125.585400 -245.260049
470 41.846200 -98.467100 -127.560476
471 189.854000 -3.855900 -101.818340
472 5.288100 -98.362800 -92.877637
473 -157.852600 140.446100 -299.023903
474 -46.381500 225.546700 -409.120206
475 -169.518400 67.879600 -244.787684
476 162.811100 -48.988400 -290.417494
477 -76.478400 86.506400 -151.914819
478 188.180600 169.049300 -345.946832
479 61.689900 131.529200 -448.168001
480 -26.472900 23.625000 -300.896913
481 222.850700 3.372300 -181.413078
482 68.890600 122.028300 -342.111852
483 -196.089200 44.648600 -282.868805
484 -15.060800 -70.327200 -342.260560
485 213.802200 -130.763700 -346.597102
486 271.923700 -96.639300 -284.127149
487 -41.125900 98.345900 -367.315222
488 -268.166100 -146.434900 -285.156573
489 166.328300 136.829600 -370.025396
490 144.673700 -136.528000 -329.923627
491 -29.169900 251.601000 -332.430921
492 -115.058100 -24.978300 -138.422573
493 -461.174600 263.093700 -279.889326
494 -600.500100 289.232000 -341.275350
495 178.357400 -13.099900 -372.609445
496 115.233700 52.983000 -336.389992
497 145.597300 44.775800 -301.322712
498 37.757800 83.904700 -434.811275
499 -48.091700 220.087900 -380.073652
500 82.554600 -7.489100 -280.655794
501 -90.270500 258.071900 -373.293912
502 53.566900 112.250700 -337.892827
503 -87.706200 195.341500 -282.030534
504 216.636700 29.787900 -194.209155
505 -16.141900 -41.699800 -222.457532
506 -22.832400 117.109000 -265.018684
507 32.320100 261.155900 -249.455750
508 -101.785600 -45.512100 -106.311249
509 308.574300 31.557000 -440.144134
510 35.332400 -114.260600 -335.345813
511 14.698600 35.374000 -276.245490
512 16.515300 -54.848700 -351.682172
513 -57.793200 84.101000 -234.577753
514 64.841400 -118.781400 -181.101159
515 244.968300 -72.323300 -350.551210
516 124.355300 -38.117500 -306.978640
517 -387.438600 185.737200 -305.626065
518 139.625300 160.395700 -326.027905
519 -1.970600 38.175100 -267.599696
520 329.063900 90.352300 -340.760723
521 291.629100 187.470600 -428.461458
522 100.896200 23.564700 -362.824427
523 190.645200 -104.495100 -228.692732
524 -79.503800 161.996400 -633.027212
525 -175.005100 -0.378300 -382.389749
526 202.580900 -10.755600 -445.578639
527 -131.606300 -67.019200 -307.362951
528 -370.140200 61.297800 -344.561912
529 -57.943700 -13.112100 -284.708655
530 107.509500 -144.757700 -205.526334
531 -9.221200 1.840400 -332.132246
532 207.755200 -76.630200 -211.184426
533 -268.123400 -62.576000 -382.498379
534 -115.104800 -65.395800 -248.536250
535 -55.259100 -79.125500 -275.555949
536 -59.642400 -66.542100 -365.503159
537 232.328700 -12.359600 -203.474003
538 87.375400 54.705400 -361.522820
539 184.189300 101.400100 -337.886926
540 132.142700 -288.070600 -146.727939
541 -210.665600 -9.857200 -264.488006
542 375.534300 -98.196100 -230.328478
543 -105.452500 36.525600 -311.857021
544 219.460000 -22.024800 -249.739310
545 90.110700 -153.816700 -219.344952
546 176.586200 92.289600 -238.210660
547 98.918300 160.698400 -390.995500
548 -295.829600 33.513500 -339.118569
549 -165.741500 18.069700 -144.288405
550 -99.739900 86.307800 -435.803735
551 183.321600 307.082600 -440.575355
552 194.576700 103.789300 -356.826794
553 -124.714800 54.298600 -329.993921
554 380.102300 111.860200 -390.491714
555 250.050600 -36.616900 -243.000308
556 -74.482900 177.150600 -302.367686
557 101.283800 21.490900 -241.361954
558 285.641800 44.877300 -248.756539
559 -2.420900 61.452900 -259.527119
560 307.978900 -44.599900 -244.122356
561 322.558000 -97.964000 -332.430454
562 -183.344100 23.080700 -347.444114
563 -50.323000 43.402900 -209.323110
564 142.506600 89.972600 -128.538582
565 221.810400 -9.595400 -187.912915
566 223.770600 47.993000 -130.507746
567 -276.391800 113.691300 -295.564512
568 183.656200 -21.757400 -211.148203
569 6.282500 153.454100 -429.815949
570 85.401900 179.506600 -283.760902
571 -279.627400 208.543700 -383.385203
572 114.423700 161.024600 -318.564373
573 331.205400 58.391700 -331.869975
574 197.259600 -53.785000 -258.706597
575 -60.476100 -108.139200 -226.163756
576 332.742600 93.327900 -274.845807
577 232.177300 -125.159500 -263.441322
578 78.735100 55.255800 -275.648230
579 -311.753200 41.205700 -299.154528
580 -127.468000 78.652900 -232.776106
581 -64.213200 89.527500 -408.707877
582 -38.934600 73.220900 -219.509840
583 153.927600 -137.015300 -300.941071
584 143.719000 -124.749200 -281.637393
585 62.928200 -45.779200 -320.811573
586 -202.411700 209.122100 -379.986996
587 212.051600 -63.495300 -309.162355
588 -619.111100 80.850100 -259.616920
589 48.776400 -42.988600 -197.866117
590 74.744100 -86.043600 -148.170068
591 62.048400 -22.472900 -357.093090
592 521.493800 -62.565400 -251.120908
593 250.031100 71.911100 -473.940692
594 -215.126300 34.740700 -405.639555
595 118.630000 106.357200 -413.892705
596 126.416900 25.484900 -362.006380
597 380.788300 136.952700 -436.184243
598 -36.575700 -21.453200 -308.885986
599 -133.997100 169.539300 -285.650831
600 359.035900 31.371200 -271.976138
601 69.827900 90.358600 -365.145273
602 -10.849900 93.728200 -567.008526
603 221.020100 117.219000 -257.759771
604 94.971400 147.996100 -388.657364
605 -257.526000 -149.928500 -139.449720
606 33.125000 71.345500 -255.221504
607 -107.454300 233.825500 -368.412154
608 235.367800 80.378800 -288.400506
609 150.503300 31.856000 -201.490249
610 194.708400 161.779100 -315.007472
611 -17.953500 179.932600 -275.070003
612 -118.551100 385.491400 -447.025357
613 371.780900 48.941500 -357.408431
614 126.632400 91.240600 -289.544427
615 125.280600 158.945500 -363.825371
616 78.077300 30.614400 -205.169026
617 106.987000 -3.033300 -164.546743
618 14.442200 20.626600 -198.834464
619 118.430800 184.570700 -300.302031
620 -353.012600 264.936800 -256.776918
621 16.742800 14.496000 -277.414585
622 -49.837800 220.767100 -163.997057
623 115.878900 -108.516000 -265.435425
624 -85.246900 73.722600 -202.426585
625 -96.406600 80.099200 30.923239
626 330.292700 -144.642500 133.536974
627 120.908500 -44.220600 -77.227514
628 -70.610600 14.775300 -33.707418
629 -153.275900 48.604300 -277.349308
630 166.634400 55.046700 -89.641683
631 -57.640700 294.733700 -425.327294
632 -5.299000 3.167800 -102.890718
633 -4.966700 -62.139700 -82.324766
634 -18.624700 158.254300 -336.416068
635 471.769500 -45.343200 -318.889212
636 122.412500 97.972100 -343.119547
637 83.903000 209.511500 -364.499210
638 304.064200 253.533400 -351.993490
639 116.503400 277.922000 -301.670457
640 -154.784800 296.790100 -516.185283
641 -85.761500 153.540600 -345.895363
642 -107.280800 157.621400 -327.103603
643 -105.242700 149.253600 -411.378903
644 -175.714700 76.048300 -326.831197
645 133.599900 73.549500 -246.170248
646 314.932700 195.376200 -269.916292
647 -116.981600 512.102000 -359.229493
648 0.699700 25.427100 -277.393014
649 279.291400 -132.572800 -269.611681
650 -82.883000 25.407100 -152.075501
651 126.531600 -248.903200 -287.403708
652 25.184000 147.802200 -397.378470
653 -16.795300 -47.383300 -55.164628
654 -209.781900 40.586200 -206.276653
655 -63.672500 -72.663600 -322.712488
656 415.496600 175.274200 -351.494103
657 -295.808800 -14.018000 -203.541802
658 -531.982100 -20.568700 -127.824692
659 -132.973200 109.874300 -196.876142
660 -359.735600 -26.381000 -190.069834
661 180.474900 19.033900 -144.784880
662 -357.243600 85.523800 -144.037668
663 -146.909900 42.685900 -240.103595
664 79.684900 49.082900 -421.457972
665 346.164300 304.643000 -258.537440
666 61.756900 179.150300 -418.362516
667 -45.609600 180.374600 -294.587907
668 271.254800 -3.652600 -249.424570
669 -146.879300 47.805300 -174.178976
670 130.715700 45.996800 -279.377668
671 176.778000 115.445000 -344.824403
672 174.958000 82.111200 -218.283104
673 12.025100 104.769000 -361.266934
674 -227.444500 20.127900 -144.017354
675 208.577800 103.262300 -236.785842
676 -196.483900 190.662800 -202.619347
677 -206.396600 49.253300 -388.318300
678 -345.690600 118.652900 -104.096895
679 -2.215400 113.289300 -209.383039
680 249.167500 161.271500 -236.807280
681 -302.399800 142.674400 -312.123837
682 108.037400 215.724300 -317.469617
683 -356.116000 153.410100 -313.272192
684 48.266400 84.909000 -342.032101
685 -328.077200 129.467000 -376.290300
686 -15.615400 -35.341000 -134.269838
687 101.929900 121.393200 -290.596246
688 -306.736900 175.298600 -345.352141
689 -516.812700 170.885800 -341.361307
690 83.974600 -25.562600 -364.383823
691 113.424800 125.433200 -375.758157
692 -62.036000 113.670000 -252.312627
693 247.831700 155.687100 -343.950498
694 -25.696100 111.750200 -423.656553
695 -35.439200 101.964300 -333.601962
696 48.908800 333.997700 -309.443561
697 48.014900 50.546300 -238.116694
698 -3.892500 149.609500 -255.086635
699 179.890600 70.295200 -304.407503
