# Internal Elec VdW
0 111.686900 43.237300 -211.884419
1 270.919500 -150.895100 -38.765097
2 -184.479500 182.940500 -307.699273
3 91.116500 27.910500 -420.628374
4 -222.907400 12.417800 -259.563492
5 14.892500 129.403600 -244.586571
6 -187.937500 18.132500 -160.244094
7 521.103300 34.096200 -80.040336
8 165.822700 142.712700 -310.463636
9 -14.645000 38.031200 -334.592532
10 -31.882000 181.619700 -351.027776
11 155.738100 60.690800 -356.352950
12 249.665400 207.593800 -347.542028
13 -34.263800 201.812200 -182.446572
14 -75.790000 236.210100 -331.586171
15 -454.751400 11.540300 -184.024702
16 161.664000 68.173800 -289.276998
17 85.258700 1.091000 -315.105697
18 -37.923800 275.031600 -247.696581
19 13.382100 304.724400 -430.106432
20 196.409500 319.793400 -444.602090
21 197.421700 226.963500 -403.153348
22 -22.929000 199.947900 -390.247841
23 -156.713500 295.133300 -324.219441
24 25.050600 184.752400 -430.760912
25 217.021200 229.955000 -487.953568
26 -177.189100 270.869400 -461.420901
27 323.936900 215.266000 -256.777863
28 357.193600 117.676100 -413.960114
29 115.772300 45.873500 -136.450358
30 83.923400 198.468800 -164.524765
31 -38.537800 177.511000 -99.579537
32 -2.984300 44.892300 -233.599116
33 -209.492000 303.544200 -371.630100
34 -203.979700 392.276900 -294.751379
35 -241.428200 250.178700 -293.479912
36 56.924900 226.864900 -134.414604
37 292.070100 147.982800 -346.716746
38 -186.326000 336.827800 -292.013513
39 187.396900 70.572800 -298.149221
40 -2.867900 225.560000 -273.929751
41 163.635500 103.069400 -261.504366
42 119.210100 -51.846700 -110.911623
43 56.770700 143.300200 -365.037637
44 222.408900 127.578500 -389.243242
45 76.791100 127.856400 -241.660544
46 135.012300 54.856300 -447.523600
47 98.729800 332.139800 -389.066863
48 275.682100 -121.687700 -389.561970
49 -333.916200 188.097900 -275.520034
50 88.350100 99.548600 -204.782027
51 -198.249100 180.207400 -225.876096
52 -56.271700 139.992400 -252.425501
53 -60.836900 402.560800 -229.241495
54 413.498600 108.829400 -444.563970
55 -206.840900 88.321500 -364.489805
56 18.537400 96.167800 -409.781437
57 82.788100 -55.437800 -330.711105
58 -77.878000 364.553400 -384.298237
59 115.618100 36.314000 -306.008455
60 80.793500 46.319400 -311.710922
61 188.863600 35.020100 -238.878691
62 -129.182700 198.611400 -211.454017
63 -107.300500 -27.050800 -275.108908
64 5.945800 191.652100 -279.769678
65 134.317500 233.411900 -448.052168
66 494.654500 325.914100 -523.410669
67 -66.219600 219.437200 -613.118016
68 -16.021600 183.359500 -542.648804
69 318.299200 294.509000 -407.379491
70 293.918600 232.404900 -152.276719
71 -111.445200 331.956700 -376.046193
72 -6.937300 91.100000 -245.575290
73 162.744600 249.265300 -469.435171
74 237.996100 328.945600 -464.850842
75 -5.922700 244.710600 -407.498075
76 94.299000 257.212000 -389.636187
77 136.553900 43.282600 -413.695220
78 73.832000 268.109400 -579.949685
79 125.310300 127.878900 -373.063429
80 238.891500 222.553100 -371.841112
81 -239.964400 286.514000 -526.352985
82 24.393400 253.714500 -253.701429
83 -5.983100 209.006700 -428.054693
84 208.225800 44.195700 -306.177897
85 -49.678200 119.396300 -384.654196
86 87.878900 254.552700 -467.785819
87 61.691100 261.193500 -382.524437
88 -32.834300 -37.754100 -446.502935
89 148.363000 1.342700 -437.273941
90 386.477600 330.052600 -598.884378
91 46.770800 256.134900 -625.149996
92 170.334600 296.980800 -697.346341
93 -42.802200 434.918200 -708.785965
94 -55.267800 550.171000 -593.757314
95 -59.695800 446.225900 -468.068302
96 329.615200 237.715600 -463.143610
97 214.374500 107.010200 -383.570886
98 47.520200 268.558300 -325.395061
99 140.546200 216.104800 -487.351827
100 164.145500 264.466200 -471.201391
101 -68.184900 345.790000 -432.432910
102 -84.411400 250.475600 -399.903464
103 -222.666700 331.355700 -463.792637
104 9.470400 414.827700 -382.287034
105 186.323600 353.270100 -320.430902
106 6.071700 313.442000 -424.091257
107 -46.223100 383.079400 -475.330080
108 -0.147400 265.113100 -537.851575
109 -75.746100 217.443800 -409.725648
110 168.373800 248.477600 -452.639487
111 215.155400 265.877500 -430.760052
112 -180.940100 192.630000 -392.925460
113 155.328600 184.236600 -455.040489
114 -47.365800 305.727000 -423.676458
115 312.077200 30.406000 -338.586830
116 114.467800 331.347500 -460.683251
117 -144.494600 112.206700 -532.141202
118 30.530700 172.246500 -418.995301
119 211.585500 376.075900 -499.877338
120 129.408600 22.825500 -348.166966
121 -8.220400 275.214500 -443.992788
122 -117.740600 380.586300 -444.500352
123 -301.106900 480.585200 -669.064529
124 112.244300 312.340200 -548.858376
125 -37.383200 195.177300 -443.245990
126 -194.631300 369.848000 -646.983763
127 -271.845400 256.125200 -488.111736
128 -121.715000 403.342600 -611.349337
129 374.323000 349.812900 -646.254225
130 -198.831900 466.908200 -678.885108
131 -198.690400 405.563600 -632.465916
132 -85.502300 375.287400 -522.089068
133 270.466300 368.213500 -619.244392
134 -124.513400 281.332600 -502.969098
135 49.868400 306.265200 -469.368186
136 -129.538300 325.095400 -400.512173
137 -270.995900 166.187500 -345.394757
138 -128.924600 183.205000 -364.054892
139 168.889800 357.515400 -404.060301
140 -211.892000 286.695000 -501.098291
141 -70.174700 115.239700 -357.156814
142 -211.548000 499.238700 -582.794881
143 -30.157700 462.808900 -488.343240
144 114.467500 225.515800 -522.164638
145 63.660500 249.041800 -286.655913
146 126.558700 194.006200 -351.786391
147 -117.184700 205.158200 -461.252779
148 -14.311500 153.446200 -362.485444
149 -375.533200 208.019800 -336.261123
150 -21.699500 245.935000 -514.252663
151 236.893800 324.671400 -540.782189
152 -199.063700 376.749400 -457.101668
153 -106.710900 163.658700 -434.587733
154 290.096300 143.618900 -532.617512
155 15.639400 198.687300 -462.188938
156 -8.619200 408.090800 -653.095958
157 22.987600 303.182000 -768.997983
158 -128.303500 222.231500 -583.004828
159 -179.977900 364.505400 -610.223910
160 14.789600 365.564200 -521.955369
161 201.264800 218.233100 -573.107525
162 -257.163500 250.821200 -507.370802
163 -109.195400 195.233800 -419.491675
164 87.236500 75.515700 -496.556139
165 25.102900 438.138400 -468.783639
166 11.114100 166.800000 -510.319724
167 337.183500 131.257500 -736.323304
168 -15.825600 329.879900 -534.164163
169 158.028100 17.027000 -557.274060
170 56.350000 266.360300 -617.945968
171 -69.527000 96.375500 -397.840246
172 -47.291200 39.244200 -438.193538
173 9.208900 171.858400 -457.455493
174 202.148100 234.096600 -684.720648
175 -540.952400 213.281800 -389.048103
176 546.412600 -8.887600 -525.074913
177 90.102700 259.743500 -477.814362
178 152.175400 164.992400 -528.491540
179 -183.051500 246.692200 -440.079388
180 4.714700 157.663500 -498.612029
181 3.408300 21.740500 -402.010787
182 4.514000 124.510300 -580.182859
183 198.241100 111.950100 -471.737885
184 -143.471100 205.571500 -530.058712
185 11.371400 146.932300 -553.210564
186 162.225300 155.255000 -490.444727
187 149.430900 118.662600 -350.238746
188 17.362500 333.277200 -494.777851
189 -387.873700 115.081800 -407.800273
190 -240.784900 198.751400 -469.524837
191 151.457000 117.604900 -491.654021
192 -174.574700 179.449200 -459.405787
193 -29.887100 25.456100 -326.963485
194 -95.744100 175.540600 -386.408616
195 131.055800 140.633900 -462.763415
196 -101.519300 276.845200 -439.386894
197 -106.852400 237.136700 -442.246774
198 -42.581900 91.030800 -345.153524
199 76.506100 288.279600 -315.801720
200 152.231700 40.883500 -436.520573
201 1.167900 216.918500 -407.297878
202 412.245100 280.989500 -536.883726
203 -161.492600 234.932000 -367.290898
204 210.685200 85.035300 -499.673232
205 -227.051000 403.329700 -350.526062
206 -89.591900 312.139700 -418.419519
207 60.122500 130.233300 -324.922650
208 199.250700 352.346700 -553.363508
209 -258.061800 154.792400 -239.231743
210 -138.095100 185.698300 -366.777553
211 15.958200 59.599700 -197.397040
212 -286.317000 248.207600 -364.608713
213 -53.055300 280.851500 -337.372941
214 255.998800 279.741000 -386.435058
215 -12.954500 236.738600 -399.238819
216 -445.125600 364.857300 -547.115347
217 -314.924600 251.269200 -446.834421
218 135.942900 310.293100 -463.456537
219 -249.494000 121.631800 -558.536041
220 -195.079000 321.433000 -386.111147
221 -5.494300 229.075000 -442.150817
222 -146.008200 239.060700 -337.270852
223 147.013600 223.828700 -447.778198
224 -122.187700 -45.441500 -356.236382
225 75.192400 233.784200 -319.495880
226 -11.311500 258.291900 -481.067592
227 -57.972000 247.618900 -537.178359
228 -78.446900 189.032700 -465.833982
229 8.364300 258.640600 -380.850369
230 352.908100 133.004800 -592.983102
231 -236.807000 144.652500 -484.219701
232 144.884900 207.801200 -388.436226
233 -6.660200 254.535000 -439.325145
234 104.191600 182.500000 -506.939003
235 -193.363400 248.880300 -484.668018
236 67.999900 281.721400 -601.873868
237 106.356000 265.203400 -584.631302
238 -224.737700 251.834900 -377.241089
239 280.841800 146.450000 -495.794494
240 192.704700 275.085200 -436.683587
241 110.026800 -16.980200 -422.339627
242 331.636400 203.290900 -463.617469
243 -21.325100 151.043500 -237.800530
244 -87.291400 173.932300 -397.547632
245 57.923700 237.851100 -415.078818
246 -237.260800 438.163000 -541.803921
247 66.445000 364.193900 -660.247822
248 90.712700 127.904400 -375.855613
249 10.934100 109.103800 -366.543169
250 -540.605400 169.871300 -435.085758
251 35.178200 86.787900 -355.168904
252 210.865100 166.547200 -380.596567
253 121.969900 94.979900 -422.600611
254 50.660600 288.495400 -499.571395
255 138.202300 76.391100 -563.265764
256 175.912200 238.383200 -619.809737
257 59.472500 217.393600 -435.132110
258 284.962300 -67.506400 -447.244729
259 -179.613000 207.518300 -493.654574
260 429.158900 197.760400 -626.658586
261 110.049600 362.483900 -632.414083
262 185.281200 194.129700 -403.433186
263 -16.377600 77.284500 -326.020511
264 21.680100 2.150800 -316.270781
265 184.067900 171.831100 -584.056282
266 11.201600 117.353500 -394.608584
267 61.690400 245.151800 -510.984398
268 57.898800 216.528300 -629.393253
269 -89.853000 141.798500 -513.082468
270 232.725700 116.912100 -399.877679
271 163.134000 139.570700 -497.488935
272 310.917800 200.899100 -483.605386
273 -198.620900 286.125800 -486.745534
274 160.157900 184.247300 -581.730850
275 304.404600 345.541900 -506.652820
276 -287.251100 103.598900 -304.982266
277 298.045500 166.339000 -586.190074
278 117.101200 387.151400 -657.957261
279 29.664800 89.006000 -341.370342
280 -185.176500 96.227100 -386.978085
281 -252.509900 166.955700 -480.727727
282 -45.663800 188.307200 -349.430003
283 -2.394000 151.704100 -504.160011
284 151.898000 165.908400 -441.688801
285 548.543600 132.595500 -495.991602
286 53.349800 182.355200 -371.368378
287 463.632300 71.390800 -566.127498
288 -273.094200 323.603200 -494.865413
289 255.518200 -106.847500 -397.137170
290 295.323500 280.382800 -658.971087
291 18.680400 270.080000 -424.437449
292 35.349800 223.639300 -647.952581
293 149.927600 -33.662000 -406.597239
294 -192.396000 123.110600 -480.021242
295 104.404900 66.993600 -291.260256
296 138.487100 72.939000 -257.793367
297 -236.258900 276.596400 -452.218436
298 3.285200 222.752500 -618.974738
299 -112.156800 357.566300 -479.325844
300 169.046000 286.217600 -637.600734
301 -114.366100 381.301400 -652.444451
302 119.953400 342.485800 -511.235330
303 352.317600 124.053100 -465.107399
304 105.386900 166.685900 -588.944226
305 91.219500 96.660400 -378.435791
306 -80.562100 216.932400 -359.604524
307 -82.947400 9.214100 -344.930358
308 77.590900 237.806500 -502.962441
309 -245.069700 307.834300 -532.819037
310 -237.810500 113.696400 -449.162401
311 -280.102200 203.094600 -479.244801
312 -95.907200 165.855300 -373.827920
313 -98.181400 267.568000 -378.597045
314 -40.544200 272.530000 -413.830188
315 -396.532100 277.022600 -509.061658
316 227.787200 -19.449700 -481.180336
317 26.657600 209.828800 -556.231136
318 -47.331900 139.193900 -452.279725
319 211.795400 125.151400 -450.460306
320 -96.237300 196.347800 -562.293987
321 166.215400 74.020800 -550.657761
322 -70.546500 268.654300 -554.219984
323 233.488400 145.356500 -425.982641
324 43.511500 204.417200 -491.363090
325 83.911600 322.659200 -553.518116
326 182.032400 -12.282300 -569.416244
327 389.472400 50.858700 -537.456076
328 126.585700 26.208700 -443.755826
329 -288.267200 251.534400 -462.949544
330 138.414300 17.515300 -379.842068
331 68.083100 48.497200 -430.468924
332 41.272100 317.255700 -676.485919
333 -139.144900 255.796700 -450.276514
334 127.620600 184.363400 -551.424010
335 -34.923100 131.033100 -518.485872
336 -223.818700 9.498800 -590.802614
337 -175.877300 202.685300 -390.856861
338 -57.283900 192.934000 -414.714059
339 128.230200 -12.244800 -350.193730
340 -312.624100 72.386100 -282.871864
341 -8.294300 69.017800 -170.979134
342 322.094700 66.276400 -508.723249
343 -244.350500 185.235400 -428.338855
344 -325.786300 377.350200 -475.704730
345 -171.597800 210.314800 -372.056519
346 -200.374800 424.458600 -469.266685
347 120.805000 14.475500 -503.799878
348 142.892800 -114.280500 -299.784607
349 127.764300 27.852500 -330.650892
350 -37.824500 110.048700 -301.300418
351 -72.292200 51.641100 -463.900081
352 228.996800 53.000500 -481.295924
353 -411.407600 24.046600 -272.789220
354 -86.716800 113.383700 -425.913211
355 -51.969700 -112.725100 -251.549781
356 -17.418000 66.808900 -195.067569
357 -217.506600 57.415200 -320.329588
358 -200.067800 245.346300 -440.407519
359 305.324500 -100.457000 -425.726335
360 162.201100 200.705000 -432.409002
361 226.976700 54.191800 -477.477433
362 -223.199600 -12.030300 -266.063196
363 351.332300 307.099000 -416.146553
364 -218.666100 353.303900 -563.478269
365 -17.537600 93.417200 -369.877095
366 -204.146600 210.054200 -332.491697
367 -146.315800 221.471000 -320.355715
368 -164.251300 101.812700 -318.244557
369 -304.993200 123.197400 -511.016198
370 -51.579400 140.522100 -343.767004
371 215.389700 55.933100 -436.874989
372 179.320000 -45.339400 -344.699733
373 165.735000 147.698900 -429.061598
374 169.278400 306.048300 -340.206982
375 130.444600 114.088700 -527.247692
376 141.651100 108.070200 -541.205565
377 -80.276900 184.391800 -395.194344
378 376.625800 -49.868800 -514.959006
379 -191.900900 84.618300 -434.937806
380 -368.846400 232.448600 -456.099281
381 149.295100 117.874800 -429.825412
382 -234.691800 229.737300 -376.272349
383 23.277100 191.362400 -420.615403
384 -211.956600 168.022400 -253.601793
385 -166.676500 284.848200 -382.327647
386 38.596800 107.269600 -273.223047
387 -276.045600 297.075600 -429.696563
388 -123.010400 121.098600 -307.011274
389 -5.095500 154.126200 -483.388512
390 25.983700 91.849000 -262.068542
391 191.434100 107.870100 -316.762058
392 389.412300 12.376400 -445.104242
393 -26.453800 131.112100 -303.757507
394 53.375600 92.544100 -194.212995
395 28.121600 193.497500 -402.083826
396 260.161300 179.759500 -426.441086
397 195.495400 83.525300 -404.054116
398 -167.967300 185.685900 -213.783286
399 18.923900 43.703700 -324.722817
400 199.979900 56.413700 -418.093144
401 -28.293900 161.988300 -367.279542
402 -215.025500 159.946600 -457.095227
403 -4.510000 206.988000 -372.786489
404 176.440100 226.034000 -411.383221
405 58.195300 241.357400 -195.624637
406 91.319200 278.020200 -500.593421
407 106.885400 -8.818200 -391.115778
408 309.140900 149.862400 -502.606450
409 387.950700 95.887300 -387.844444
410 -40.076800 156.582600 -277.243680
411 81.895600 111.868100 -225.894458
412 50.611600 105.903400 -247.340558
413 -71.242100 79.153100 -329.719394
414 -46.569900 142.239500 -341.440033
415 9.253200 -4.027700 -229.429051
416 256.964700 33.582100 -433.955203
417 1.044300 84.333300 -296.895606
418 -169.498700 9.714400 -385.667946
419 123.160100 116.095000 -416.224242
420 -105.083700 151.555900 -266.137972
421 345.762500 118.031900 -450.825659
422 -315.128200 227.233200 -409.530847
423 138.557100 154.826200 -156.681700
424 -12.952600 176.873400 -255.042271
425 160.810200 179.955700 -360.964482
426 292.389000 10.876300 -214.829737
427 -78.616200 296.922200 -342.346487
428 285.437900 203.791400 -494.150159
429 -83.140000 123.992200 -242.478653
430 76.639100 195.366800 -337.020010
431 149.288100 192.655100 -340.275997
432 -80.745900 214.086000 -334.997319
433 -79.634400 194.131700 -248.507358
434 -78.029700 184.428300 -258.168972
435 47.333500 128.732000 -422.226155
436 59.494800 151.422400 -374.871789
437 35.341600 9.660000 -199.971603
438 -179.573700 124.987700 -232.348516
439 -117.236200 201.748100 -308.668356
440 227.547000 93.540500 -321.730081
441 70.248200 260.077800 -390.908920
442 42.539000 49.675900 -295.688087
443 -133.988800 135.125900 -269.466227
444 -57.589200 19.550800 -176.566694
445 70.537400 -119.561800 -127.883310
446 179.988600 102.836300 -361.091835
447 195.205100 28.449700 -237.956160
448 -177.088600 -41.045200 -205.046977
449 50.723400 201.199400 -366.587596
450 -251.232200 64.000300 -228.767072
451 121.356700 -13.139200 -152.867392
452 -0.793200 -120.621900 -206.714442
453 116.790700 150.241600 -282.992504
454 287.063900 115.154500 -312.130515
455 134.823600 91.895800 -262.879486
456 49.379500 184.767100 -349.332393
457 -253.022200 60.796600 -296.658184
458 366.351500 189.126700 -215.115741
459 47.055600 180.538600 -281.659589
460 -15.137300 -65.822900 -221.880944
461 -87.129400 -18.034100 -230.127117
462 -173.200800 54.318400 -199.346418
463 127.459700 35.585100 -270.197469
464 69.288500 220.868100 -469.915000
465 125.560800 108.822000 -190.431836
466 18.610700 128.162300 -276.699808
467 -106.409200 345.795000 -362.973669
468 138.531300 211.334000 -285.133923
469 451.713000 179.168000 -337.426450
470 306.482100 -80.206700 -120.084118
471 78.430500 196.849600 -226.778589
472 105.401300 -15.588600 -266.319770
473 154.618800 251.920800 -442.068306
474 -6.701600 208.656000 -482.885710
475 2.242400 187.479100 -243.934652
476 120.635600 125.728800 -432.119276
477 -27.069100 155.020900 -224.382363
478 397.371600 243.278500 -421.590633
479 176.237600 121.582600 -419.325825
480 -230.727200 271.850100 -505.947866
481 439.057000 -105.366900 -196.632125
482 -30.706000 193.082400 -419.034267
483 -168.363500 362.478700 -510.135065
484 -329.441200 183.109600 -361.357763
485 118.563900 21.209600 -413.850046
486 241.468400 -88.258600 -408.655001
487 1.709000 322.633100 -326.170922
488 -167.416800 48.145400 -479.082697
489 170.054300 187.975200 -390.141762
490 375.607300 -93.724800 -281.305927
491 -105.593800 353.141700 -424.833529
492 117.252400 149.058100 -307.684108
493 3.887800 274.222000 -294.473296
494 -484.429500 291.520200 -326.087843
495 271.337900 90.033500 -387.325315
496 166.584000 197.671700 -355.652359
497 68.177900 198.131500 -287.792900
498 51.494600 127.944400 -360.329512
499 71.852200 191.206000 -436.326283
500 88.375700 93.034600 -322.872076
501 -275.894800 344.963600 -418.851251
502 -363.276000 169.738400 -395.478850
503 -126.134000 150.765500 -372.010176
504 57.454400 152.495700 -207.053946
505 -3.779500 10.426800 -285.347764
506 96.639600 334.523700 -308.138113
507 203.231800 308.532400 -368.206263
508 -124.889100 -39.313900 -305.257013
509 309.783300 138.108200 -421.904129
510 182.681200 -11.950400 -475.056559
511 -112.635000 47.615000 -338.634951
512 -89.199800 52.395900 -351.333369
513 -11.026600 53.283700 -309.536263
514 -22.749100 52.506700 -241.209132
515 42.173700 117.576500 -437.253562
516 298.125400 7.631600 -348.577054
517 -160.869300 111.644300 -331.795234
518 -227.935300 127.149700 -480.718749
519 45.522300 -144.319900 -262.489981
520 -68.721500 207.544800 -458.492312
521 -28.008700 243.823700 -362.033606
522 15.862900 71.158100 -404.385272
523 126.080300 79.542900 -477.492762
524 -30.958300 121.539800 -591.813452
525 107.646000 210.125500 -311.137934
526 -32.936500 199.957700 -409.143484
527 166.455900 -72.436100 -350.754773
528 -109.496300 128.787400 -342.611237
529 126.659700 212.878500 -387.813226
530 102.432000 119.172900 -446.093299
531 -193.189300 87.409400 -580.300935
532 200.292300 64.502700 -407.539652
533 -57.034500 134.040800 -447.940901
534 -262.101200 250.856100 -489.692706
535 58.454900 30.388500 -408.643713
536 329.079600 54.993500 -370.638796
537 30.163200 243.861200 -409.363555
538 224.204600 270.036200 -596.910895
539 -21.606600 253.158000 -418.830816
540 -238.426200 35.070700 -308.598623
541 -43.418600 155.844400 -343.609237
542 -110.975000 52.266000 -322.764718
543 -267.717400 143.345600 -434.135326
544 176.998400 -29.401100 -343.205458
545 -76.073400 -20.568200 -310.837969
546 122.540500 42.598600 -428.361351
547 -139.321300 30.878800 -415.429825
548 -28.555000 -67.951100 -310.917835
549 -338.163000 128.341000 -350.039014
550 -164.822100 232.594500 -457.634075
551 15.012700 319.169700 -482.088790
552 243.005300 87.251400 -547.652955
553 158.063300 265.189500 -380.334418
554 253.245200 67.381100 -353.757281
555 132.066000 -74.412800 -290.377236
556 209.471800 113.085100 -477.671988
557 -159.655900 191.802200 -377.818356
558 418.469900 69.877600 -442.880708
559 131.418000 205.597700 -484.819782
560 214.954100 183.788600 -428.981498
561 515.940700 53.216800 -334.842156
562 245.531100 202.817000 -483.194766
563 -132.502400 227.206500 -294.051729
564 -13.051500 214.944400 -357.709968
565 -57.819900 237.224700 -353.985773
566 157.637600 23.149300 -299.289422
567 15.826900 93.668000 -531.252739
568 -53.245200 67.255800 -208.338572
569 188.413600 153.355900 -485.313734
570 30.193600 217.555300 -464.180914
571 -217.874400 287.529300 -405.456053
572 -167.577900 308.009600 -452.666253
573 386.543600 57.667800 -211.445275
574 371.073800 78.487800 -422.295793
575 328.755400 -47.779200 -432.071343
576 169.016600 -4.351700 -334.322863
577 -161.556500 7.351300 -419.589354
578 262.593000 217.354700 -456.086057
579 102.352200 259.672500 -379.048894
580 -169.083400 116.501900 -373.251366
581 182.853600 153.925200 -348.963852
582 -141.204600 298.568300 -359.413346
583 154.793500 280.738400 -511.018510
584 303.073200 -67.089200 -284.926739
585 47.920900 91.861300 -364.203299
586 217.188400 195.161700 -341.440747
587 105.713000 188.860300 -415.523023
588 -63.409000 -60.941800 -401.530954
589 63.129300 90.430100 -409.516604
590 140.979000 126.933200 -281.553685
591 119.271600 172.419900 -478.913784
592 92.221400 291.024400 -388.217726
593 228.011900 224.458700 -405.875488
594 70.429600 48.890300 -386.203681
595 -132.989200 272.723500 -471.562789
596 -32.857700 353.824300 -473.868427
597 65.253700 200.414700 -483.367782
598 109.886500 165.320400 -440.199889
599 -307.802000 275.375500 -438.532026
600 35.816600 274.698000 -340.573860
601 -400.108200 282.961400 -411.548992
602 -193.673500 126.544000 -402.134422
603 236.034000 158.951300 -387.366353
604 198.497100 99.439200 -341.118518
605 46.590800 55.606800 -297.300328
606 495.872100 110.243200 -311.324078
607 25.966100 277.927000 -448.469503
608 208.262400 -19.947400 -235.490825
609 51.986900 219.343300 -452.757376
610 153.911300 280.265000 -589.292568
611 200.165700 89.135500 -205.831928
612 60.275200 204.923300 -399.706732
613 159.497000 83.795600 -253.095332
614 492.349200 152.222800 -264.561714
615 109.194100 102.094600 -229.940483
616 0.244600 133.517000 -286.654569
617 37.493300 -136.623500 -2.330656
618 -25.426800 -2.625300 -135.569375
619 155.618200 106.530700 -395.881989
620 -279.816700 291.032900 -85.630813
621 103.545300 -66.259900 -209.850985
622 -9.073500 193.530800 -210.135584
623 198.306600 -108.657000 -376.219612
624 72.687200 46.938800 -169.930087
625 -158.503200 210.211300 -218.541235
626 141.107400 41.862100 -113.058212
627 209.305400 -98.779500 -289.710624
628 12.711200 35.689400 -283.412546
629 -296.547100 35.911700 -239.507078
630 141.924200 79.583500 -209.997453
631 -342.718600 306.236300 -316.615487
632 286.266200 102.733400 -298.670066
633 -184.366900 73.592900 -231.484454
634 87.437000 28.709400 -326.998948
635 237.204900 49.315400 -353.123921
636 180.868400 71.009400 -192.425252
637 -65.895700 108.730000 -541.772475
638 -347.173200 403.589900 -358.009994
639 -367.751700 213.964500 -478.367974
640 -313.595900 387.397900 -466.272178
641 142.070300 240.730100 -447.625781
642 -137.834800 304.264400 -256.894352
643 204.398700 142.253500 -383.016900
644 202.252700 82.522600 -481.837988
645 24.812900 127.600700 -342.909368
646 213.298700 316.646800 -562.113919
647 32.770300 253.777600 -334.604350
648 303.319600 104.018600 -194.655950
649 224.032000 82.437500 -236.856937
650 130.708800 185.147400 -212.638549
651 105.969400 -177.091100 -80.101907
652 36.539500 169.306700 -353.323279
653 150.945400 169.493500 -150.972222
654 -182.374400 -49.286600 -191.520466
655 4.211700 15.129500 -307.609587
656 154.546900 206.766700 -400.507986
657 -216.850800 -68.812900 -312.601258
658 -261.691000 119.156600 -344.765983
659 -62.479500 177.375500 -345.860833
660 -197.775600 51.108800 -397.901512
661 354.179400 142.647100 -300.656117
662 -470.536400 237.482500 -345.783876
663 -84.933000 -16.528800 -300.123673
664 -188.137300 215.523400 -548.766359
665 303.055200 317.583900 -249.670357
666 -195.843800 240.224500 -334.803483
667 -49.928300 277.675300 -381.520192
668 426.672600 43.499000 -274.819758
669 1.904100 67.421500 -115.989334
670 36.216700 83.329800 -296.388384
671 -62.820300 278.307700 -438.638815
672 93.903100 -71.693000 -399.920719
673 353.258800 207.795500 -349.576302
674 -90.666900 15.218100 -289.823938
675 -17.546300 31.236200 -253.016764
676 -293.816400 260.009400 -310.546435
677 53.503900 170.515000 -510.820926
678 5.791400 288.065400 -353.895604
679 163.052400 178.246100 -402.740534
680 409.846500 251.415800 -463.740291
681 -214.793300 381.151000 -428.218927
682 -218.579500 331.319200 -265.787097
683 -282.918700 110.447200 -411.587179
684 -150.710000 202.135000 -333.845256
685 -547.285400 216.051700 -242.539997
686 -167.600400 156.370800 -218.990591
687 -130.241400 241.132500 -312.180857
688 -283.016700 257.636500 -302.276633
689 -430.331700 65.501000 -333.750758
690 -26.512400 130.850200 -548.568375
691 -69.137000 258.371800 -395.788278
692 -242.351800 233.507300 -361.917361
693 -255.507000 291.415600 -397.937474
694 227.293600 223.493100 -539.977994
695 46.633000 273.842600 -367.299185
696 -111.538300 230.593400 -234.821687
697 233.534100 -72.069200 -350.992121
698 -99.704400 97.680600 -140.538808
699 200.267800 193.565600 -284.624164
