# Internal Elec VdW
0 -41.977000 151.774900 -288.421950
1 244.784000 -101.154100 -192.040553
2 -261.836400 167.276800 -311.175188
3 91.641400 143.332500 -575.411835
4 -296.515200 173.048900 -281.533779
5 -276.826500 106.092600 -99.631898
6 29.824200 147.427200 -345.086131
7 207.716200 163.839300 -215.264830
8 -45.495900 290.150300 -235.916683
9 -166.536300 269.246900 -361.047420
10 152.843400 57.641700 -270.422235
11 97.689400 82.708900 -264.971191
12 -147.523600 140.174400 -251.159763
13 -73.932100 271.982200 -234.275074
14 360.087400 66.519400 -421.079716
15 -200.604700 90.976400 -203.379697
16 33.299500 149.918100 -139.251068
17 208.512000 -38.668000 -119.765599
18 181.350600 220.024800 -112.240544
19 89.960600 371.223800 -401.155378
20 216.757100 334.993300 -220.134013
21 32.415500 139.947900 -229.311886
22 206.868500 249.617200 -128.421056
23 -58.196600 189.054400 -168.507416
24 -12.638400 48.624800 -367.165816
25 159.505600 350.864900 -331.028011
26 -79.771100 321.176600 -376.610920
27 28.295100 221.678000 -228.365030
28 327.664600 247.808500 -291.682479
29 197.460000 64.066200 -184.253841
30 133.105400 358.277600 -271.685429
31 111.569800 99.787200 -87.024986
32 -159.831500 322.055400 -268.817594
33 -314.148400 333.502300 -278.641856
34 -99.778000 228.929000 -374.393350
35 28.358800 313.936600 -324.503491
36 267.415100 154.274500 -67.729983
37 -13.889500 197.941600 -333.494298
38 -373.267200 328.770800 -353.986892
39 55.088600 93.296200 -307.397869
40 86.129800 150.054400 -204.438750
41 215.604700 -0.205000 -181.075777
42 76.570300 230.007700 -287.464715
43 90.802600 220.076500 -275.445626
44 437.408100 272.479900 -423.866441
45 142.060200 174.197700 -218.606801
46 -104.100400 96.940800 -391.301071
47 274.517300 310.487500 -268.423195
48 125.764000 -5.278400 -292.010815
49 -249.571700 197.879900 -167.107138
50 136.973500 270.948400 -216.069232
51 253.786300 247.544200 -235.970643
52 198.040800 157.027400 -110.614123
53 194.742200 177.897200 -284.616346
54 185.385400 257.359800 -400.294940
55 -237.543900 139.266600 -328.073328
56 116.455300 -8.975000 -199.363595
57 21.745200 120.799800 -260.017673
58 109.790900 112.571500 -253.391068
59 -0.794300 24.105100 -158.609768
60 -197.455200 123.304000 -156.149673
61 312.441600 57.607500 -187.260381
62 -68.108800 44.746900 -121.361348
63 -78.485400 -88.474000 -217.221322
64 -268.966400 148.307300 -132.722756
65 163.284800 373.969200 -412.276580
66 147.712500 281.634000 -308.115279
67 -60.024700 379.668100 -490.047512
68 -292.080800 139.044500 -491.110794
69 221.556300 208.808800 -400.759269
70 -29.598400 274.635700 -228.273837
71 -61.505000 298.082500 -336.909793
72 5.416400 82.294800 -227.873742
73 438.992200 203.083400 -479.803043
74 325.756000 329.054100 -366.341396
75 326.941800 426.621800 -434.283027
76 23.078100 264.182300 -292.804630
77 304.387700 141.912300 -442.797502
78 -20.059000 306.861900 -525.855789
79 -94.966700 147.348000 -234.135255
80 72.625400 280.035800 -376.329517
81 -299.323300 328.640600 -443.839299
82 247.113900 223.662100 -363.339409
83 12.658500 312.079000 -371.294870
84 126.293600 185.259300 -438.207565
85 1.725500 306.103900 -513.099965
86 -32.345000 277.252500 -491.381977
87 -140.716500 345.675500 -375.149364
88 28.822600 -122.737100 -280.107790
89 -46.604900 154.968300 -410.962939
90 396.145800 281.131600 -413.128616
91 130.728500 309.380700 -615.782977
92 277.898800 177.735400 -508.962361
93 31.311300 297.558900 -624.233571
94 185.008000 373.939600 -548.860134
95 29.824500 340.281200 -304.512105
96 -212.397100 288.499400 -375.063312
97 268.044100 166.231600 -391.008741
98 423.894600 253.484200 -315.964515
99 312.848000 269.331200 -497.899788
100 127.556300 217.013000 -482.043697
101 -108.244800 282.330100 -272.077884
102 2.019200 329.565300 -468.133768
103 -94.498500 359.206400 -484.039935
104 -49.459800 294.248400 -286.566398
105 196.567500 281.652000 -301.963148
106 217.686800 176.035800 -232.562397
107 -120.487200 360.807500 -396.167797
108 -0.860300 225.214000 -335.106548
109 210.869300 18.512200 -396.850671
110 207.717800 332.193500 -355.455906
111 243.727600 200.452000 -400.823203
112 -218.683800 231.586100 -387.197794
113 40.640200 182.033100 -556.839528
114 -98.987700 272.673700 -487.555851
115 449.550000 19.293900 -289.026322
116 23.902300 328.877100 -417.436114
117 -75.724600 140.088300 -372.932031
118 -62.775100 131.122100 -484.554448
119 87.689900 377.820500 -285.785035
120 -279.541300 49.877300 -330.752246
121 -68.524500 347.198300 -363.005364
122 -219.874100 426.960800 -361.201484
123 102.421500 397.512400 -624.533172
124 126.930100 323.388900 -480.795213
125 -4.175800 149.662100 -361.274654
126 48.239500 104.834700 -707.974076
127 -112.841700 358.110100 -519.777263
128 -151.635900 498.186700 -543.309971
129 108.113500 294.511200 -530.889878
130 -254.603700 468.999600 -577.618672
131 57.855600 422.149400 -533.473490
132 36.791300 416.626200 -343.254848
133 414.442300 377.403700 -492.335070
134 -8.831600 458.928400 -428.927730
135 53.180000 423.222100 -406.987446
136 -302.359100 553.096400 -348.065175
137 -192.231700 155.327700 -264.878312
138 27.174300 330.389800 -385.087241
139 -92.780800 500.141800 -523.362477
140 61.409900 297.085400 -535.992589
141 -241.688000 366.776700 -452.682879
142 152.537800 526.428300 -514.190637
143 190.371400 479.496800 -529.071469
144 -301.850000 409.721600 -449.253150
145 148.378800 280.707800 -356.003308
146 229.711900 127.285900 -248.777926
147 12.963000 454.169800 -556.872100
148 141.209700 198.146100 -310.289524
149 -95.322100 226.545800 -331.617192
150 -86.162700 308.770500 -418.104056
151 210.016400 425.129700 -583.122065
152 80.555500 265.014200 -224.557038
153 -101.102900 264.426800 -448.397391
154 370.607700 212.586400 -469.747546
155 183.819000 318.819500 -570.460050
156 -89.413200 395.841200 -599.888554
157 -263.918600 377.602100 -436.391158
158 -223.618300 228.243200 -486.572666
159 40.281400 281.028100 -475.797157
160 -17.309200 222.191200 -355.550192
161 -1.253700 89.487100 -516.807623
162 116.313100 99.754700 -399.152316
163 115.965700 116.409700 -425.643404
164 149.489500 103.718900 -392.841724
165 90.366000 332.406500 -434.221954
166 175.351500 285.680400 -530.400531
167 361.103200 397.110000 -571.109712
168 -223.518400 203.747600 -377.004014
169 189.293700 156.500700 -529.098148
170 117.364300 204.525800 -608.549570
171 157.672500 113.705000 -322.442731
172 70.747000 257.182800 -414.761250
173 49.247900 156.689100 -413.419407
174 331.614300 195.715400 -466.058069
175 -247.018500 478.236600 -422.396450
176 281.071900 244.617300 -536.081456
177 -9.994700 191.634600 -358.298188
178 37.824500 265.338500 -507.154439
179 25.281200 206.705600 -362.332490
180 277.817300 395.431500 -531.386299
181 96.089500 123.108100 -351.537881
182 94.065400 262.994200 -355.759719
183 -19.121200 244.445100 -180.552656
184 -186.539100 338.022600 -433.042654
185 151.815400 300.575300 -458.242761
186 177.052900 236.598900 -437.062515
187 -60.634800 189.028600 -322.846325
188 -68.300600 311.216300 -275.313114
189 -296.146900 87.283200 -357.201962
190 -138.938400 396.133600 -433.062948
191 -115.362200 321.299200 -357.232473
192 62.569200 304.063400 -399.017365
193 27.147600 200.507700 -300.980934
194 -119.409400 385.648900 -322.967838
195 192.127400 317.948600 -354.232730
196 127.303200 353.322000 -400.328501
197 164.573400 449.236800 -504.436635
198 168.207700 23.876100 -181.684312
199 279.980500 216.383500 -410.366476
200 -75.203000 246.165100 -438.913842
201 209.990700 183.042500 -354.744738
202 451.449700 310.052900 -429.895493
203 -87.493000 306.051000 -305.118011
204 169.549000 195.947500 -342.986792
205 -571.117000 527.797400 -350.689793
206 36.901800 274.595100 -470.464483
207 -31.909700 250.837000 -413.714335
208 249.425800 395.694700 -423.803096
209 -191.933600 207.965100 -378.463879
210 45.076900 263.494700 -353.446137
211 420.518000 118.342200 -292.942808
212 -179.002300 189.830600 -324.814932
213 -215.971400 444.248500 -401.805239
214 495.083200 287.250100 -422.011488
215 13.594500 335.117200 -377.725711
216 -111.915500 312.559100 -439.199737
217 41.919900 386.263000 -462.677483
218 -201.124800 360.355000 -322.309065
219 -96.039400 192.091500 -368.817582
220 -83.802200 288.626700 -312.497770
221 -193.635700 303.865100 -512.030332
222 -123.252000 351.652000 -330.693559
223 242.083300 251.013100 -404.657429
224 -170.671500 126.541900 -498.288151
225 -200.244500 297.205900 -319.750036
226 312.052200 377.923200 -394.555338
227 203.846600 388.863600 -350.251059
228 365.245700 177.762300 -299.708770
229 -41.637600 382.133700 -370.687084
230 196.231700 346.731200 -655.428243
231 -43.603200 257.400200 -468.593914
232 -79.601600 358.591100 -189.078246
233 -79.491500 470.722700 -267.510696
234 123.675100 475.196500 -512.343366
235 -42.633000 458.162800 -465.114750
236 -107.980300 315.940500 -425.980244
237 81.581300 266.621900 -403.671942
238 136.714000 410.442100 -346.529098
239 -23.337800 381.705800 -599.448877
240 373.768400 154.689900 -464.243448
241 57.597100 193.753800 -456.149070
242 254.564200 206.944600 -393.220083
243 271.574600 248.541500 -351.709666
244 -61.181800 309.262400 -321.671808
245 -105.731300 233.505900 -320.966858
246 0.248500 359.503000 -432.489624
247 -159.832200 298.154200 -550.108694
248 -62.089200 -46.737600 -290.583318
249 430.401700 9.166900 -371.570152
250 -269.788100 270.564700 -320.199022
251 90.487000 283.120000 -311.816784
252 -186.203600 173.877200 -338.430941
253 16.022600 173.472300 -301.160926
254 160.224100 298.670000 -360.150841
255 18.130100 246.835300 -297.295046
256 239.471100 283.541200 -454.067318
257 243.368600 369.450400 -427.313973
258 396.444000 242.321000 -552.685937
259 35.107600 244.427600 -466.017304
260 73.359400 266.909000 -614.403445
261 198.557200 361.877600 -547.765030
262 337.890800 127.693800 -333.716023
263 43.880200 85.672000 -311.608140
264 -207.015200 273.893000 -243.020704
265 181.461800 128.719300 -529.822883
266 52.282000 123.011200 -529.626440
267 -304.123300 462.896100 -430.666367
268 65.317200 298.961000 -402.546033
269 135.311600 161.553100 -377.856176
270 76.128200 171.722100 -358.557490
271 -72.667000 336.736500 -533.305311
272 -131.312900 325.373400 -566.472110
273 -83.031200 399.863200 -533.302956
274 389.037200 377.043900 -656.887976
275 351.524400 337.814000 -539.869876
276 -214.435500 242.264800 -349.546013
277 134.102000 284.718500 -635.311715
278 -172.447000 332.283100 -505.895294
279 134.723600 13.044400 -338.716201
280 -119.625900 108.404400 -397.706141
281 26.803500 30.890900 -430.706625
282 133.522900 218.934300 -466.757296
283 69.725000 200.169500 -519.948988
284 89.237000 67.371900 -348.848182
285 657.940500 117.256600 -412.326586
286 318.705000 174.639000 -306.894877
287 283.757700 187.086900 -574.065548
288 61.248900 310.305000 -399.135510
289 258.489200 92.459200 -424.518777
290 417.425600 327.208400 -478.751290
291 -229.560800 270.762500 -418.987043
292 158.021900 386.143800 -511.646296
293 -38.449900 205.376500 -476.075907
294 121.846300 189.399600 -486.137983
295 118.217000 180.660400 -344.379606
296 242.037800 268.094200 -335.523826
297 44.293800 142.616000 -599.358150
298 64.664400 302.133100 -519.901844
299 55.457100 437.779000 -454.550994
300 123.234600 340.693700 -552.307173
301 -34.651200 307.405500 -528.340231
302 284.319100 414.713800 -568.407760
303 385.102300 115.691500 -428.651710
304 366.223700 187.120400 -668.878971
305 -71.116600 232.106000 -430.161666
306 -93.294900 236.160900 -481.191745
307 147.118100 202.062800 -454.003060
308 -26.698300 505.554800 -518.094221
309 -292.870400 114.889300 -423.850655
310 282.344000 192.644900 -324.104751
311 -192.189300 467.910000 -532.507998
312 -123.486300 306.925200 -343.330455
313 -109.035900 512.451800 -530.415135
314 -74.860600 337.449100 -347.090525
315 -275.554500 435.234100 -541.352056
316 -116.344300 149.979500 -475.507621
317 118.481500 247.356100 -594.626513
318 -13.705600 200.365400 -316.583480
319 383.059600 267.249400 -388.949702
320 446.488400 212.083800 -520.825308
321 -50.989100 261.161000 -478.084765
322 -43.713400 226.461900 -454.191874
323 377.858200 190.161300 -330.322718
324 8.776900 395.928300 -668.260718
325 60.443400 360.031200 -672.357471
326 419.609400 180.493800 -798.361443
327 476.278300 54.592500 -492.716536
328 -35.183400 312.804300 -601.521068
329 -125.085000 178.668200 -613.003533
330 447.222200 26.900800 -424.578765
331 -216.140100 144.722200 -350.141636
332 284.652000 115.019500 -521.779088
333 -198.128600 388.859600 -590.267255
334 -82.515000 200.661100 -495.497532
335 353.341100 350.464700 -553.631529
336 -70.789100 151.495200 -529.100465
337 103.889100 448.207200 -518.504032
338 -165.159400 110.653900 -336.348452
339 -127.700800 148.853900 -432.448470
340 -258.544700 241.494800 -181.712711
341 -20.959900 353.419600 -325.169510
342 -22.973000 228.838300 -467.128401
343 258.969400 252.472700 -445.711665
344 -71.230100 286.224900 -486.682457
345 -65.710400 259.632100 -426.414662
346 32.142900 515.503800 -589.867927
347 232.252600 176.513600 -473.143822
348 29.545500 -174.673900 -258.972362
349 -175.463600 114.726300 -405.273835
350 305.143700 232.618600 -558.096850
351 -92.917500 -40.027400 -331.240498
352 236.398100 137.718000 -310.638226
353 -210.658400 342.585200 -299.148990
354 219.866700 356.176400 -412.232837
355 20.030000 136.569100 -210.927136
356 72.315200 220.161500 -191.653363
357 12.122500 294.216800 -345.545366
358 -127.794800 232.597500 -459.322938
359 344.980600 -39.014100 -449.182081
360 -90.915100 325.458600 -376.691368
361 40.923000 102.022100 -285.710918
362 -186.287700 225.001100 -433.811150
363 392.412000 244.558700 -386.930354
364 123.064700 395.241300 -630.535155
365 -70.450500 331.716800 -402.557408
366 -212.225900 215.513100 -300.664341
367 188.378300 178.166800 -293.009977
368 -140.407200 110.421100 -280.214185
369 -198.669100 169.650300 -240.103224
370 -79.100100 65.727700 -312.597313
371 368.170500 157.406400 -379.012361
372 43.962700 170.901800 -410.274995
373 -22.233300 142.103600 -449.023489
374 -71.836200 430.928400 -312.738620
375 9.365200 263.862600 -460.514048
376 260.754900 161.313500 -405.826686
377 -20.019900 206.034900 -395.762432
378 283.194900 154.295800 -560.452464
379 154.368700 241.956200 -649.688893
380 155.464600 258.864800 -664.140432
381 -9.406800 280.765600 -339.229818
382 -149.686700 166.723500 -453.018984
383 136.430200 446.677300 -527.893159
384 86.709000 294.452400 -309.156658
385 -166.737700 334.726800 -470.665395
386 203.552600 165.998200 -444.655842
387 -69.290700 154.753700 -464.302185
388 -43.911700 402.043800 -224.285566
389 430.661500 227.783000 -422.051860
390 -59.425600 134.336400 -251.929667
391 184.124900 149.942100 -299.757233
392 549.890200 -24.144500 -346.974159
393 148.343300 304.514500 -341.029944
394 223.901900 111.074500 -191.299349
395 63.434600 222.374700 -161.907912
396 216.813200 160.981100 -274.530264
397 449.879300 107.121000 -326.027823
398 56.218500 273.815900 -236.138958
399 206.194000 77.108900 -261.193402
400 323.203500 32.578500 -374.106545
401 139.741500 83.960600 -315.912898
402 -74.328800 233.188300 -451.933875
403 87.551100 314.867600 -460.246854
404 -69.293100 308.761000 -429.771112
405 19.362800 232.439400 -295.163218
406 53.040700 290.697600 -449.502763
407 126.952200 166.638300 -483.487484
408 136.632400 201.836200 -460.666448
409 -128.424700 219.913300 -479.519330
410 -27.748000 332.764200 -385.441320
411 35.949300 147.716700 -302.807869
412 -297.427700 222.809700 -333.984284
413 -117.981900 316.956700 -297.532295
414 42.869300 199.770600 -442.293033
415 63.230000 145.912500 -296.104443
416 154.910200 105.010600 -478.545116
417 -33.090400 141.196800 -221.949955
418 -239.529400 15.806000 -425.390028
419 258.525200 178.088600 -357.065750
420 106.857400 201.676300 -314.034403
421 242.967600 273.679000 -454.276998
422 -163.726100 273.253100 -549.013620
423 70.378100 21.883200 -230.739926
424 -112.347100 192.433000 -335.908290
425 14.843800 204.393800 -354.066459
426 392.458500 60.006400 -281.093486
427 -113.889700 366.608100 -435.938112
428 149.741000 60.485100 -517.805578
429 -243.562800 178.908500 -272.525583
430 73.319400 286.267300 -397.331587
431 214.348100 18.706200 -412.872977
432 -88.244500 202.215500 -390.316963
433 125.730900 142.524100 -361.365840
434 -136.934400 189.880300 -283.124819
435 -481.081500 212.408700 -456.204496
436 130.071500 226.750900 -301.222515
437 -192.338300 111.814600 -253.688721
438 131.311200 210.879300 -387.884473
439 381.713700 202.734600 -390.599568
440 332.970100 93.297800 -471.155980
441 178.233800 177.832300 -469.534553
442 213.475300 233.243200 -539.309386
443 185.226700 54.647100 -537.668371
444 69.008700 85.707500 -272.297965
445 272.664500 108.102800 -356.499238
446 154.258200 123.219300 -383.385222
447 152.159000 187.445300 -306.795758
448 -30.588500 -19.414300 -94.045641
449 388.082900 129.900200 -403.848009
450 -164.385800 197.722900 -306.564608
451 -15.992600 57.554400 -287.501916
452 247.976000 82.649400 -366.324951
453 348.343200 -57.755500 -339.637603
454 -218.105500 184.931400 -362.286711
455 0.897300 197.883200 -292.063484
456 112.788400 160.745200 -221.854935
457 81.561100 31.998100 -413.555710
458 354.910300 145.550100 -293.534071
459 25.367200 350.522600 -441.650643
460 32.621700 -6.648800 -241.426970
461 -400.557300 211.891600 -419.986641
462 -99.328300 122.939400 -322.679768
463 180.004200 31.235400 -342.145909
464 62.183800 309.813800 -496.296929
465 220.618100 190.258200 -364.882147
466 48.597100 212.402500 -363.068752
467 -150.710400 340.254300 -498.077916
468 -82.523800 193.567300 -309.690508
469 351.413200 225.518500 -345.119945
470 69.622000 57.820800 -278.811291
471 -157.796200 337.726700 -341.357324
472 179.236800 57.017800 -172.285739
473 -38.078800 282.628000 -441.223703
474 0.083500 296.568700 -483.942755
475 126.474100 271.400700 -323.056570
476 261.914800 173.347000 -466.025349
477 -44.795200 190.260700 -208.774858
478 278.605600 277.945400 -462.312007
479 -9.736800 217.019900 -450.336958
480 -339.083900 108.347100 -400.168272
481 217.597900 131.055800 -221.926071
482 -81.373100 240.362000 -517.941460
483 49.579400 358.540200 -429.703894
484 8.665300 18.335600 -266.982847
485 45.656400 90.730800 -475.225810
486 287.126700 71.468400 -454.173629
487 26.966600 343.549000 -465.690958
488 -78.697600 12.785700 -236.022869
489 318.357500 213.900600 -455.267321
490 174.267500 33.759600 -297.972440
491 -2.813900 387.111500 -313.856478
492 42.929400 214.312900 -302.463918
493 -209.868200 319.804500 -285.311099
494 -434.680600 441.884900 -327.740461
495 447.680800 47.435000 -355.105166
496 -75.488900 267.433300 -256.185571
497 148.712800 150.667200 -332.650784
498 -297.352100 247.822800 -341.225908
499 -40.300200 196.456800 -334.753425
500 156.383600 213.705500 -292.801075
501 -227.839800 343.597900 -306.549120
502 -249.575000 116.268600 -418.935893
503 39.055000 269.260000 -476.864029
504 209.115200 -3.530200 -255.010956
505 84.432000 81.961300 -374.737326
506 70.011700 310.996900 -424.540694
507 86.617100 267.645000 -221.853464
508 -46.341500 -52.507300 -212.385414
509 398.592400 89.628800 -378.249807
510 -36.265000 170.096300 -541.996344
511 -222.938900 151.728300 -338.402627
512 173.646700 139.971200 -345.527409
513 333.817300 197.633900 -463.967032
514 -106.714000 127.921500 -383.782556
515 -278.781300 106.130500 -345.381164
516 352.167900 86.405600 -246.866306
517 -119.056900 221.604500 -258.286737
518 339.784100 48.892000 -350.590164
519 -83.947500 147.514500 -294.431994
520 12.408000 141.539400 -405.787911
521 188.589400 197.170700 -388.071652
522 -232.589900 154.228800 -291.983886
523 117.738100 147.702800 -413.654462
524 332.348000 120.626700 -387.388215
525 12.557800 193.819600 -492.014502
526 -128.380100 128.550400 -381.227769
527 117.600600 10.211600 -295.891816
528 -198.792500 154.762200 -272.385512
529 33.122300 228.570000 -457.818683
530 29.565500 259.908700 -310.402110
531 111.982600 143.998600 -620.313111
532 89.518300 109.872700 -413.841050
533 -42.457800 30.698300 -379.297401
534 -192.175400 61.619900 -197.015938
535 -168.789400 223.470300 -457.826967
536 185.595200 230.068500 -457.968610
537 193.835900 145.158100 -238.001587
538 87.871000 174.548400 -312.027884
539 -102.165800 255.918600 -322.889522
540 -147.414900 56.279400 -133.447808
541 -185.834700 251.239000 -383.269695
542 38.289200 162.213800 -309.682946
543 -174.929700 232.660000 -363.127143
544 297.956000 131.408100 -334.981493
545 -42.020700 82.539000 -417.582798
546 116.274100 247.287000 -412.021848
547 27.104600 25.579200 -258.231320
548 -122.113000 133.621800 -258.415644
549 29.985500 -16.851200 -170.080181
550 33.274000 67.553200 -395.643484
551 -303.106200 258.453700 -282.263144
552 338.056400 -3.442200 -382.220702
553 330.369600 326.111200 -436.914151
554 -134.080700 175.645000 -290.323907
555 82.224500 58.642500 -427.055814
556 193.481800 154.577600 -357.480971
557 -16.620600 185.939000 -373.376294
558 202.605300 121.854900 -218.857655
559 -62.474600 295.029600 -410.427783
560 449.538200 139.145200 -358.805847
561 180.841400 87.012400 -367.868090
562 -32.700500 138.410100 -305.135319
563 176.466000 201.257000 -313.973838
564 -21.187300 122.510200 -230.696013
565 237.025000 -14.561200 -277.791718
566 145.037800 134.810700 -381.856036
567 254.290500 97.262000 -436.736669
568 -98.731400 107.032000 -148.520597
569 56.705700 338.557400 -540.461622
570 -190.058800 182.229300 -283.999055
571 -224.893100 265.536400 -445.844124
572 64.793500 236.487000 -342.919749
573 290.437500 179.925800 -261.536486
574 7.580000 102.224900 -330.829539
575 -48.272900 129.181200 -268.240429
576 338.045800 88.212700 -378.272179
577 -93.949200 202.022200 -280.878827
578 217.769300 362.664500 -412.407242
579 55.498200 218.609400 -361.534853
580 -231.841800 277.402400 -354.013902
581 -102.322200 335.277600 -519.980388
582 -60.714300 411.488300 -404.331983
583 83.667500 262.211800 -400.592948
584 251.197200 146.909900 -346.412360
585 187.347900 301.409800 -543.187009
586 -20.647200 315.790500 -256.903030
587 -95.653300 258.105600 -219.619041
588 -148.643700 69.241900 -432.035649
589 -22.325400 97.633300 -425.120579
590 -12.191400 326.131200 -286.845297
591 113.036200 218.636800 -536.050589
592 214.603100 323.104800 -284.724956
593 139.936000 290.858200 -477.942512
594 138.713100 229.938500 -477.882688
595 -101.445300 142.682600 -358.212953
596 -251.507100 276.646000 -415.837546
597 151.982700 263.390300 -444.803706
598 -173.697400 274.263100 -430.056794
599 29.834000 259.165100 -347.516214
600 -180.840800 285.174400 -389.283829
601 -115.885600 282.510100 -425.975273
602 217.198800 167.312600 -436.196234
603 466.023800 148.697500 -402.273855
604 1.477400 242.484300 -441.421114
605 -111.104500 172.033000 -259.644081
606 270.646500 122.214900 -478.174717
607 2.073800 364.145900 -532.718882
608 38.738300 199.853600 -310.486015
609 -128.939700 318.600700 -611.933179
610 -15.362600 324.774800 -454.441916
611 -177.504400 311.801300 -255.284570
612 -28.533600 316.517900 -334.290194
613 1.466200 279.776200 -376.553049
614 250.033500 362.569600 -424.491907
615 28.928200 289.600500 -403.345507
616 40.100400 98.475400 -231.405358
617 -124.151500 152.231200 -195.139994
618 62.545200 276.672800 -391.298222
619 79.825900 254.067100 -461.103973
620 -258.571800 295.109300 -262.005993
621 -89.387500 0.799900 -297.373322
622 2.396700 225.387100 -442.469162
623 144.017800 74.770400 -390.384028
624 -191.040100 220.314900 -251.166770
625 -41.158500 244.553000 -407.226005
626 135.165400 84.970300 -134.447331
627 -116.280400 184.623400 -291.003039
628 94.779700 132.759000 -251.850376
629 -246.476800 207.401400 -225.401337
630 -85.496500 201.456900 -401.652077
631 -156.820600 377.804400 -499.354665
632 199.216700 376.603400 -390.969894
633 -145.923000 215.159400 -309.822663
634 324.153100 238.691000 -501.230485
635 410.868000 221.723200 -390.815493
636 404.985800 207.245700 -444.351288
637 -43.346600 220.078100 -492.050919
638 -164.931000 361.060000 -495.074264
639 -257.816500 367.233700 -592.786331
640 -143.854400 435.658000 -663.074341
641 99.728900 255.561700 -582.098502
642 -0.826900 400.214100 -446.525024
643 155.011500 87.199500 -507.985971
644 10.891000 65.812800 -407.855837
645 -32.338700 278.158200 -466.616478
646 -11.000100 453.202400 -503.445095
647 -7.856600 460.288900 -451.710735
648 -41.191300 247.883600 -332.603074
649 333.215300 115.059100 -407.797808
650 -159.836200 241.263400 -238.268677
651 223.420100 -109.464600 -408.561457
652 37.958400 225.980100 -509.889952
653 107.575400 226.359100 -491.448339
654 -44.258500 140.773800 -348.156176
655 125.108700 84.292100 -579.608348
656 -177.880900 400.017100 -579.661572
657 -144.176400 13.583100 -409.213311
658 -173.581100 115.990700 -346.936046
659 84.014100 261.306500 -432.495967
660 -197.032900 398.282200 -476.263550
661 241.273500 202.102800 -253.998807
662 -237.938100 291.815200 -396.032334
663 -190.794300 194.479700 -323.972694
664 244.671200 361.855200 -618.187812
665 356.564500 325.189800 -521.198063
666 123.989100 198.549100 -362.756062
667 -53.085800 337.482000 -398.758844
668 289.516500 55.360100 -319.758156
669 215.192400 128.975200 -319.596055
670 11.744300 319.121300 -325.009576
671 24.969900 303.454900 -540.291457
672 121.116800 260.544400 -489.360072
673 20.153000 273.688300 -395.556437
674 -253.128700 257.095800 -443.030988
675 42.825700 197.333600 -345.541323
676 -251.782200 322.785100 -416.482460
677 32.230400 354.764600 -643.170206
678 65.437100 299.137100 -466.054156
679 80.322800 176.330400 -490.205257
680 438.731900 132.050600 -285.726196
681 -104.343000 288.476700 -448.149530
682 -49.986600 343.408200 -336.950283
683 -86.449400 337.666700 -466.363059
684 -4.383200 252.327800 -482.047141
685 -411.973500 347.912000 -386.404066
686 40.744500 275.003600 -324.068079
687 204.904300 248.868900 -300.325027
688 -320.140800 299.958400 -295.712443
689 -343.925600 158.337400 -296.801318
690 -135.099900 165.195500 -402.953905
691 189.524500 194.296400 -334.311872
692 -68.274100 274.945500 -258.971623
693 122.827100 419.031900 -426.663638
694 166.671100 166.871900 -432.676116
695 156.075800 112.281600 -322.995794
696 34.561100 310.069300 -266.138592
697 -38.373700 119.183800 -450.599033
698 -37.657800 182.216200 -311.635284
699 60.732200 123.728000 -245.400592
