# Internal Elec VdW
0 -119.187400 94.050200 -320.868662
1 280.979400 -16.467900 -273.780247
2 -78.770300 101.621800 -243.787338
3 70.496900 -44.444700 -305.021593
4 -402.915900 12.446800 -241.843653
5 -86.409100 178.652600 -199.592139
6 80.276400 -8.610000 -125.707376
7 351.011500 -44.292200 -132.920621
8 341.075500 83.326900 -371.751145
9 -251.797500 -41.693200 -119.385862
10 14.188200 71.954400 -157.107520
11 297.111800 -33.831500 -101.069066
12 167.718800 105.590200 -217.835682
13 69.007700 153.417400 -86.456844
14 253.854800 5.072700 -338.129149
15 -354.153200 47.377200 -304.864652
16 23.298900 -71.175400 -175.337883
17 160.241600 -218.946400 -45.046356
18 260.327200 89.091500 -244.649970
19 141.000900 175.205800 -419.729039
20 390.903700 179.157300 -369.649092
21 137.472200 170.648800 -328.557264
22 42.813700 250.149300 -233.113229
23 -198.884400 351.352900 -345.230288
24 166.006900 41.566200 -396.547607
25 64.214900 267.622500 -454.547703
26 37.436000 102.596200 -336.907143
27 181.910200 126.966400 -290.646632
28 350.634000 -2.856400 -276.468709
29 243.716700 -115.186700 -120.813594
30 126.739300 155.948700 -236.082155
31 -103.249000 -75.119300 -47.506659
32 61.470500 101.413100 -213.348771
33 -278.875700 196.550800 -241.441681
34 105.181000 175.219200 -360.702177
35 -157.970400 160.983800 -288.847494
36 123.697300 146.305400 -139.971652
37 -390.383700 248.132300 -316.543002
38 -109.039200 415.413700 -366.256663
39 27.889400 -120.127100 -346.752608
40 193.340600 194.411600 -220.874186
41 -38.797400 49.318900 -212.202560
42 490.274000 -7.592200 -209.631746
43 177.453600 236.163600 -324.775033
44 209.795500 82.759500 -299.853920
45 190.508700 125.875200 -277.984297
46 -213.863400 173.656700 -454.332086
47 0.433800 214.875800 -186.604161
48 116.813600 -131.869400 -159.362123
49 88.260400 102.904900 -356.365538
50 28.695800 149.451200 -77.497274
51 -137.071300 161.524900 -64.905305
52 -95.444800 50.528700 -78.153404
53 -42.406500 272.926600 -105.209438
54 32.638800 171.395900 -279.429046
55 -6.567400 137.691300 -339.446896
56 45.999900 79.827400 -149.898816
57 190.982300 72.932500 -247.829595
58 86.849900 127.294500 -218.648930
59 14.173100 97.670300 -259.401921
60 -212.922800 193.255200 -313.463356
61 -85.097800 188.918600 -176.416431
62 78.219200 242.513300 -279.627931
63 63.871400 104.866600 -250.236980
64 -123.287100 187.466400 -360.283051
65 157.992300 256.964700 -416.289953
66 161.105100 426.074500 -516.723734
67 36.538300 276.942400 -575.769369
68 157.213500 93.034400 -368.018897
69 79.754400 318.319100 -342.769005
70 -47.424800 329.263100 -192.744416
71 -9.285800 249.556900 -216.454927
72 -86.547800 135.625600 -245.909554
73 379.828200 20.786800 -327.896151
74 345.952900 194.030200 -340.035827
75 235.755300 203.715700 -256.228378
76 -198.274100 183.517600 -226.608835
77 178.362300 218.643700 -372.349777
78 -100.814100 89.148200 -304.680874
79 40.001600 47.403700 -154.204953
80 25.766800 215.768900 -273.574288
81 -112.488600 339.422400 -307.373819
82 -121.974600 321.104200 -249.585068
83 -66.853100 132.331000 -318.664377
84 228.541000 36.803000 -243.229694
85 240.420400 207.888500 -326.917758
86 76.186000 213.567000 -261.050350
87 85.391700 448.830800 -443.932728
88 42.445000 -47.540100 -284.704084
89 223.188600 23.340200 -343.426518
90 437.974700 203.869000 -447.095407
91 204.876800 25.470600 -549.983783
92 308.442300 221.249000 -629.184980
93 -70.176100 227.892200 -456.273481
94 71.888400 365.797500 -420.516749
95 53.407400 224.990800 -252.961986
96 267.846500 196.091100 -170.818130
97 86.974400 179.203700 -326.224318
98 298.370000 197.928800 -288.304344
99 196.344700 266.303700 -457.479838
100 -39.396300 331.667800 -455.696820
101 -94.050800 312.961100 -251.534919
102 192.565000 268.564600 -406.768135
103 40.366300 321.821000 -334.243176
104 -20.029500 323.438800 -303.672909
105 -91.854500 260.596200 -266.642390
106 82.208100 325.851200 -438.926000
107 -26.172200 380.149300 -475.886084
108 79.905900 365.221500 -405.960053
109 9.594800 210.769100 -345.412135
110 -39.848600 292.735900 -359.051304
111 106.393500 487.141500 -447.143276
112 -79.847200 116.626600 -365.365134
113 14.450700 324.060800 -399.940355
114 -137.317500 215.067400 -428.350859
115 249.663600 159.773500 -243.241772
116 -91.670200 299.864300 -307.740736
117 -46.607100 153.054300 -426.882989
118 320.693600 37.643400 -272.256219
119 215.158500 367.958100 -235.039466
120 -139.565700 7.266900 -401.618478
121 5.176900 327.885800 -360.080632
122 -20.316000 278.184600 -277.030893
123 94.726900 419.863700 -654.406140
124 -171.033300 153.074700 -285.780498
125 -91.816700 205.692600 -399.764051
126 78.157100 69.370600 -373.618888
127 -186.041400 243.262200 -447.855461
128 2.714100 459.279100 -595.558499
129 295.928700 251.160600 -529.208016
130 -57.425100 451.866000 -529.310226
131 -329.164000 256.042500 -285.263872
132 -132.016400 255.389000 -380.409977
133 516.058500 154.284500 -359.686792
134 -200.953600 265.189800 -296.178435
135 123.257600 333.463900 -410.637865
136 -164.564200 391.224200 -346.648285
137 -10.421000 119.070200 -362.720238
138 -4.895400 94.436400 -221.764855
139 -10.577300 268.633100 -406.724244
140 -125.779300 212.973200 -481.734274
141 -231.047800 245.775500 -320.049048
142 43.752900 292.459500 -428.883457
143 -77.468100 376.247300 -376.697841
144 -55.248000 157.400200 -435.025532
145 0.864700 302.631900 -431.784780
146 168.791500 268.763200 -306.767502
147 -162.217100 531.885800 -432.540976
148 54.680600 173.282700 -253.894548
149 124.018100 293.385100 -292.345735
150 105.909300 221.877700 -356.929987
151 152.399000 435.697900 -548.232997
152 -249.019900 134.261600 -183.563913
153 -7.413000 164.974600 -310.148952
154 181.694500 73.502500 -463.541694
155 175.676700 199.608600 -448.871419
156 -2.526400 399.724800 -413.711242
157 205.791500 228.640700 -459.202708
158 -58.159200 132.365000 -489.376452
159 14.795300 308.416300 -465.417801
160 90.219200 175.500200 -415.818948
161 66.726300 -8.747400 -376.168681
162 -70.104500 47.096700 -276.936178
163 -12.824800 127.962900 -493.342105
164 151.323800 16.084700 -487.360210
165 -126.419500 290.252500 -335.005412
166 307.690900 291.339900 -351.374995
167 105.112900 282.158800 -551.152632
168 48.022900 309.500000 -434.263266
169 233.343500 -59.227200 -308.039480
170 224.096500 287.353500 -660.490140
171 -213.938800 242.765600 -249.532391
172 59.408000 140.237900 -454.865912
173 -134.926600 95.408200 -415.168293
174 298.570400 183.587500 -559.492914
175 -152.067900 451.271400 -338.869048
176 231.564400 76.644400 -346.545912
177 110.947300 155.853400 -439.107768
178 67.962700 225.923000 -483.462073
179 -309.132500 223.195500 -365.946017
180 331.882300 142.030200 -360.737173
181 35.676000 55.272300 -345.279452
182 -20.623900 323.177600 -410.467110
183 160.754000 222.977000 -261.672715
184 -241.174800 381.588400 -432.495875
185 -86.694700 214.968200 -358.131002
186 147.981900 138.732100 -477.975978
187 152.386000 139.284200 -211.187109
188 -223.720400 305.204800 -297.120478
189 -232.804500 -25.304000 -381.664483
190 -53.597900 286.760000 -265.571110
191 -138.292900 81.484200 -472.657933
192 -49.539000 11.558700 -295.257792
193 -79.879700 140.212600 -283.663271
194 -130.269500 276.451900 -448.239830
195 116.724900 163.086300 -408.194138
196 4.671800 64.110400 -396.861025
197 -195.219400 178.538200 -323.590546
198 4.650100 -49.567200 -370.824064
199 87.230300 286.246200 -201.994391
200 -74.798300 260.950800 -383.539952
201 52.265900 131.719000 -293.122436
202 233.454700 192.443700 -109.841753
203 -61.463500 337.179600 -341.178635
204 487.280100 -201.493100 -238.019222
205 -316.800600 282.296400 -112.527862
206 -58.125900 355.268900 -351.799561
207 42.156100 57.896800 -122.214698
208 129.004700 536.928100 -550.458964
209 22.964700 47.504000 -199.743338
210 109.447700 187.320000 -284.614997
211 43.451400 60.503000 -196.462362
212 -166.875300 297.896200 -428.088551
213 -45.467000 195.787800 -135.595819
214 83.129500 325.745100 -392.263789
215 196.582600 287.808900 -255.333977
216 -301.801100 143.860100 -324.141164
217 -25.807200 201.693900 -306.217633
218 70.154700 254.048100 -371.185349
219 172.262000 176.512600 -379.815174
220 -16.756200 344.391300 -273.183836
221 55.054500 298.579800 -398.187354
222 208.162700 326.565000 -438.553156
223 155.578100 250.233000 -308.543485
224 -375.064300 116.251200 -317.993143
225 82.748400 146.077700 -165.320144
226 52.330300 308.134000 -374.493924
227 -154.366900 201.586000 -181.184326
228 -235.681400 275.617500 -440.211625
229 -213.817000 114.933900 -337.374131
230 158.781600 231.798400 -614.300735
231 -219.889300 222.175000 -465.444790
232 -160.917400 359.011100 -334.631643
233 73.322600 161.964600 -248.356046
234 46.937500 480.786000 -453.275879
235 43.588800 326.412700 -478.342610
236 17.346600 346.916700 -456.072148
237 98.418200 454.870600 -384.886411
238 142.098600 446.024900 -350.450257
239 150.314100 256.971900 -535.528154
240 -20.815800 271.728500 -393.935121
241 271.748600 57.573100 -400.151746
242 84.318400 282.562100 -340.449618
243 55.051800 198.039400 -342.927324
244 -277.296000 300.778000 -424.897050
245 -366.362500 365.545100 -245.457296
246 82.975700 326.879500 -506.797450
247 307.328300 151.481500 -415.464905
248 -29.735200 147.767600 -390.312082
249 -52.085300 185.650300 -246.883175
250 -123.327800 255.399300 -256.051969
251 -119.590900 281.890400 -382.608292
252 -224.242700 341.145900 -269.511551
253 222.763000 255.666100 -351.815765
254 130.163000 312.629600 -499.458237
255 -137.899800 247.589600 -423.816197
256 -0.817200 387.783800 -427.423704
257 177.780900 324.496800 -515.097410
258 89.265000 6.578700 -250.937321
259 -55.204100 92.859700 -318.421295
260 280.822000 237.153200 -550.424232
261 79.127800 413.280600 -577.428308
262 -3.649400 302.797400 -431.009220
263 -144.794200 267.365800 -465.515909
264 -251.906800 358.698900 -424.791748
265 -99.858100 336.242600 -515.252778
266 278.050100 126.826900 -387.538009
267 -124.006300 446.290700 -491.448697
268 123.471300 352.880500 -544.721425
269 347.461900 167.000300 -368.757318
270 220.782000 197.493300 -416.553906
271 420.961100 213.883600 -466.366016
272 -172.934900 308.424000 -515.831996
273 -210.564300 318.769100 -403.834469
274 347.532800 74.001000 -326.154701
275 218.415500 196.821500 -369.506875
276 -59.741100 299.175800 -372.740948
277 142.092000 188.699000 -681.097648
278 -61.530000 413.478800 -577.399390
279 83.703300 30.329100 -192.955757
280 -8.933900 50.008900 -441.085157
281 -228.809500 276.820200 -519.243767
282 -33.662900 286.044000 -628.164266
283 -267.213600 250.323700 -507.792847
284 427.477300 77.192200 -431.665143
285 202.385100 337.508900 -536.424544
286 -40.306200 279.116000 -375.127331
287 272.617500 126.542800 -429.779381
288 -186.926100 167.652000 -423.180941
289 12.691300 31.700800 -428.879284
290 -24.080900 433.951200 -583.759538
291 -45.852100 351.941900 -590.108126
292 176.266000 362.253100 -623.694480
293 55.397500 353.959800 -654.472055
294 3.717200 273.057800 -458.408780
295 279.850300 189.479400 -372.058730
296 199.676900 332.462200 -504.789294
297 -231.720000 200.219500 -567.745204
298 -181.112200 165.334800 -560.983192
299 -75.345500 438.347100 -564.355427
300 248.185100 461.079000 -659.335986
301 47.788000 353.137900 -634.409611
302 72.413100 501.947400 -627.150278
303 112.313500 235.588500 -442.163778
304 -121.665100 227.266500 -437.562450
305 126.938400 115.129900 -417.002055
306 -248.371800 156.144800 -420.130515
307 243.317100 -2.396700 -526.762304
308 -111.013500 325.632100 -543.579467
309 -411.626400 302.327400 -375.391874
310 72.430200 152.321000 -457.621423
311 12.058000 345.910400 -548.013805
312 71.874500 245.834000 -324.547023
313 -125.379400 285.417300 -442.987520
314 -354.849500 399.473900 -374.356277
315 -81.066000 376.840600 -591.080309
316 46.119100 159.932200 -342.292473
317 -87.940200 307.018300 -494.207844
318 422.859300 90.599800 -394.205368
319 317.347500 251.801000 -409.860791
320 -44.409500 408.864300 -624.262779
321 68.998600 266.907600 -372.204427
322 -55.294200 219.456300 -504.387108
323 151.962200 63.059000 -382.365904
324 108.000800 239.206300 -544.298524
325 196.397600 355.733400 -568.731089
326 289.984400 231.336500 -550.558559
327 52.650900 127.242600 -513.245965
328 0.068100 289.028400 -579.665788
329 -260.097900 360.217200 -619.705043
330 289.538700 191.909900 -546.148402
331 -89.873400 238.719300 -598.463883
332 -84.726300 264.867400 -522.162789
333 -294.730000 249.515600 -563.368120
334 8.985200 253.841100 -531.814817
335 142.320900 190.354900 -385.436139
336 -392.943200 129.332100 -430.845093
337 256.903900 233.488400 -363.705555
338 -249.559200 124.126900 -362.481347
339 -141.930700 210.350000 -374.402607
340 -120.340000 336.734500 -409.419761
341 192.065400 232.498600 -346.350963
342 218.685200 389.089500 -526.355375
343 253.501500 219.649100 -357.407860
344 -52.201100 297.139700 -428.559340
345 -262.360900 271.616400 -487.783670
346 86.608100 296.991400 -586.395571
347 208.356600 243.494000 -448.950504
348 359.732600 -12.366900 -364.960164
349 -103.585900 163.745700 -498.211992
350 -145.288200 273.341900 -470.401851
351 -136.364400 61.361900 -413.184662
352 247.733100 99.270800 -499.142994
353 -277.867400 125.299700 -288.049676
354 80.879400 279.171800 -502.124956
355 111.049200 104.443700 -372.395211
356 115.308300 73.510400 -435.956908
357 -52.852800 361.734900 -700.790322
358 -107.186700 374.529100 -546.748103
359 235.795100 150.386700 -569.198502
360 7.669500 396.876100 -583.583116
361 -182.628600 254.497000 -426.500262
362 60.772700 214.203500 -495.590537
363 451.470800 343.238000 -274.382960
364 5.155500 362.369500 -557.217738
365 -26.206900 236.250500 -329.550598
366 130.296100 152.877100 -454.309895
367 63.837700 315.417800 -529.896897
368 76.531000 146.095200 -422.114938
369 7.118300 214.960100 -419.493959
370 -328.718600 299.781600 -569.506096
371 210.748500 277.936900 -355.197327
372 129.185200 156.429000 -479.996206
373 84.096800 193.767300 -574.487310
374 212.102800 482.365600 -461.985500
375 78.460100 266.686300 -436.791101
376 126.016800 201.818800 -513.616476
377 -338.380700 310.574100 -540.387954
378 239.806300 207.388700 -590.678276
379 -342.080100 205.835100 -432.474324
380 96.631600 151.650900 -476.842926
381 123.780200 312.493000 -475.126737
382 -366.331600 198.560000 -457.258420
383 -2.976500 295.226900 -418.306870
384 171.872900 298.552600 -339.327403
385 165.608900 167.133300 -293.209580
386 101.664300 180.676900 -211.107356
387 -279.652300 355.818500 -546.928173
388 80.145400 166.933000 -226.456770
389 6.763600 265.581000 -519.014916
390 94.686000 194.750000 -334.032379
391 421.258100 229.153100 -511.964266
392 254.031600 9.166000 -385.401903
393 -63.919400 295.100700 -344.614179
394 209.601300 205.995200 -238.952346
395 45.811600 129.151800 -237.199352
396 83.643300 130.768500 -375.531181
397 546.337200 45.459700 -379.533773
398 54.714400 190.897200 -257.405851
399 215.136800 106.898500 -254.910809
400 326.234300 62.252900 -378.271956
401 143.951900 120.701100 -321.388870
402 -171.535200 82.910400 -428.549407
403 291.769600 192.202400 -409.575191
404 114.564700 219.774800 -439.028446
405 271.442700 -37.181900 -162.978084
406 -115.629300 284.524500 -320.141789
407 -105.343600 -1.291200 -484.072075
408 67.041200 277.591600 -573.262782
409 46.069900 348.054600 -421.734669
410 -348.207000 276.699500 -305.889100
411 -43.148000 284.071700 -348.226781
412 -175.024400 326.801800 -400.215136
413 26.651400 262.651500 -379.273365
414 205.093800 175.310100 -402.799139
415 52.259500 155.652200 -244.807506
416 179.262400 365.461300 -503.330231
417 277.761100 44.542100 -375.232391
418 -7.039000 160.280100 -488.562674
419 277.993500 87.463300 -484.775449
420 118.084300 70.744800 -234.740573
421 234.457500 209.980300 -557.465903
422 -75.966100 205.799400 -461.929460
423 223.839300 68.209100 -366.063150
424 -49.624500 204.714500 -605.009692
425 49.979000 167.839600 -375.146617
426 460.910400 78.889300 -492.675332
427 29.632700 269.019400 -455.016226
428 160.110200 89.708100 -474.179554
429 -64.080100 9.720800 -358.831183
430 214.138600 83.190300 -272.987746
431 349.767500 196.007000 -327.769729
432 -70.652900 251.578300 -368.666449
433 -160.139100 255.703900 -574.098295
434 -283.503900 160.166000 -327.601675
435 -404.205700 151.454300 -468.221575
436 -201.764700 305.255000 -319.749693
437 65.300100 103.023900 -404.163785
438 135.215300 199.997700 -464.150954
439 285.693300 387.844200 -500.265618
440 -138.291400 165.392100 -596.628079
441 221.573600 198.980200 -385.284478
442 116.319000 213.546400 -605.451412
443 212.715400 25.270500 -449.696940
444 74.777600 84.672700 -257.536917
445 57.349500 -80.740200 -139.004799
446 148.232600 41.777900 -168.616649
447 242.395900 162.498100 -369.753556
448 216.520900 83.716200 -255.209692
449 207.381200 176.087600 -398.394867
450 -326.218800 176.742700 -389.463315
451 62.963700 28.698000 -170.688950
452 147.961800 98.571600 -387.959202
453 152.256800 -5.485600 -319.331508
454 -229.530400 254.898500 -386.577966
455 134.310900 385.886800 -416.286295
456 -86.734600 133.168000 -196.897101
457 80.920100 100.431500 -422.204198
458 -30.539700 248.014100 -217.191060
459 152.010300 253.212400 -377.036439
460 -28.431000 -40.412700 -144.122005
461 57.927800 -19.646900 -139.639149
462 -308.777800 266.549800 -347.009450
463 189.032500 217.475000 -400.772628
464 -89.029900 270.787100 -557.117579
465 183.905100 217.612400 -157.118536
466 -164.359800 -30.115600 -221.787817
467 -47.439000 214.312600 -294.874686
468 462.330800 16.819100 -279.442879
469 261.867800 189.745600 -350.525541
470 307.116900 13.461100 -282.950410
471 125.990300 187.082700 -299.379959
472 74.235900 28.677000 -315.876978
473 -128.169300 133.892900 -406.656447
474 -62.181300 99.447600 -273.419990
475 204.580300 224.396900 -418.478208
476 110.047700 26.333000 -374.936642
477 -156.889100 227.011900 -314.690016
478 150.375500 407.521600 -453.037707
479 -65.837200 207.477300 -451.280087
480 151.839200 178.212300 -538.739572
481 247.047800 192.809000 -220.013726
482 -15.406100 277.652900 -515.860509
483 -284.610500 392.780700 -411.451037
484 34.823500 7.911300 -317.594036
485 -65.571100 45.090800 -413.313284
486 310.625500 -109.742700 -410.710171
487 111.135600 201.268100 -393.510919
488 0.504700 145.311400 -387.367996
489 53.047900 337.706800 -493.413385
490 291.668900 -9.237200 -443.751450
491 278.757400 144.314700 -399.665132
492 27.749300 160.907000 -381.163231
493 -405.158300 281.357500 -209.490929
494 -456.396000 341.412900 -317.415732
495 217.434200 188.869800 -464.871112
496 357.937300 49.452600 -444.850157
497 366.622400 34.886100 -410.894221
498 53.596000 146.922100 -393.716317
499 194.482800 78.308400 -457.258064
500 155.897400 170.658900 -509.998191
501 -248.983900 239.399000 -388.528157
502 -95.948400 151.574300 -485.033088
503 158.682400 165.358900 -489.803952
504 -28.704400 -2.141400 -391.072332
505 114.238200 72.359200 -260.046867
506 401.279000 120.665900 -356.427887
507 107.611400 174.172300 -200.400619
508 411.145600 -4.881800 -363.344901
509 258.773300 234.688600 -432.509163
510 -2.317500 133.594600 -442.935650
511 268.911200 55.827700 -287.852499
512 127.257800 208.183700 -458.495505
513 184.735500 -42.175300 -419.503398
514 -412.597700 105.086800 -432.106997
515 -65.694700 44.424200 -396.600551
516 -4.842300 -7.364400 -305.173889
517 -265.650300 224.695100 -314.575615
518 -34.541700 185.058900 -367.693451
519 -362.411900 -36.112000 -206.430970
520 -395.638300 358.867300 -432.455512
521 -10.905400 347.729300 -376.084059
522 122.936100 33.897000 -286.758427
523 24.449000 128.948100 -330.195264
524 143.258300 227.949600 -574.615248
525 95.826600 59.485800 -415.500585
526 40.196300 162.720800 -369.648846
527 -76.776600 55.818000 -253.269012
528 -374.920000 264.423300 -225.766332
529 -168.802300 147.038200 -365.930708
530 284.606200 15.498400 -303.617323
531 199.994300 35.422600 -509.494915
532 192.941600 23.380700 -371.912035
533 -113.148400 132.076000 -329.745670
534 -88.099000 53.635500 -331.857151
535 2.464400 66.440800 -286.291210
536 148.429600 119.374100 -272.084741
537 -10.395100 26.480300 -265.302223
538 347.569000 162.641700 -292.280543
539 46.637400 230.100700 -300.096038
540 48.887300 4.459100 -259.425055
541 41.938700 216.917100 -488.592298
542 -108.619500 122.164600 -404.495510
543 -118.215700 168.879500 -460.252855
544 535.287300 13.184200 -184.359214
545 50.137400 50.814300 -263.059613
546 156.132300 29.410700 -379.037082
547 68.914600 152.494700 -467.659572
548 91.359700 200.677400 -189.230758
549 26.814000 118.180100 -161.561403
550 -183.136700 104.072800 -391.882592
551 -176.992900 299.699100 -295.978972
552 148.908700 103.689500 -456.710472
553 6.705700 250.629300 -429.886432
554 83.757600 396.017700 -424.594628
555 184.200500 -13.176700 -434.247766
556 59.307400 236.148700 -288.871115
557 47.414300 95.402800 -316.790334
558 218.831900 -64.415000 -205.895222
559 239.072800 305.692300 -462.359055
560 253.101900 150.518100 -299.821016
561 221.106000 149.316200 -416.301491
562 111.810100 134.690700 -336.415042
563 236.519800 100.154300 -270.216773
564 189.870400 138.238500 -221.745484
565 53.864000 66.338400 -167.925910
566 124.111500 162.303200 -400.525503
567 -42.579800 80.575700 -371.520813
568 42.591900 34.508000 -213.738986
569 -71.586000 173.937800 -476.246874
570 479.038900 78.234300 -339.055655
571 -382.487200 277.377700 -300.161803
572 -148.894000 239.834900 -303.357803
573 102.198800 164.520000 -299.619162
574 239.621900 106.065300 -160.319856
575 -24.350700 -5.329000 -372.136123
576 -100.820300 69.240100 -296.385999
577 -0.367100 18.403400 -180.267214
578 192.232600 291.226500 -472.880155
579 -215.909300 148.687700 -286.452740
580 -102.967900 130.844900 -395.748637
581 -99.075300 153.650900 -326.236977
582 185.638500 195.139400 -258.516105
583 192.568200 29.727300 -445.994477
584 199.469200 35.307800 -234.657641
585 76.162800 169.298000 -527.773143
586 -23.608000 329.505000 -337.183608
587 -9.771900 285.253500 -303.279731
588 -358.468700 138.738500 -508.936392
589 -93.701400 62.753700 -163.910874
590 -68.517600 166.489300 -265.715136
591 -3.408800 162.294400 -362.957370
592 183.405600 137.482900 -126.963974
593 443.009600 61.296300 -353.107575
594 79.049000 170.961300 -474.730245
595 -132.629100 224.448300 -326.916316
596 -109.607800 342.913500 -515.383721
597 211.122800 122.058600 -508.499290
598 48.347600 125.705400 -411.921977
599 -104.325400 121.363400 -282.329813
600 73.741200 172.958800 -388.792384
601 -72.270500 116.316900 -337.291269
602 35.514100 23.656400 -268.134381
603 376.692200 166.143500 -445.709738
604 331.805600 162.968200 -428.172278
605 -100.507500 -44.882300 -252.167416
606 187.755400 227.741200 -408.787658
607 145.611300 304.016400 -496.025867
608 329.667700 -0.818100 -245.677159
609 -105.586700 4.273700 -276.356198
610 47.412600 177.344900 -323.990541
611 -275.124300 134.174000 -283.206976
612 211.094800 195.192600 -325.382238
613 306.976600 100.768300 -207.945031
614 -90.033000 86.046000 -135.951379
615 -64.843600 20.749700 -309.773710
616 -224.438500 71.591100 -280.033546
617 -7.267800 91.002900 -314.136541
618 298.968600 227.600900 -288.734899
619 168.620600 156.242400 -411.202571
620 -200.359700 357.830300 -310.904736
621 142.011000 58.899200 -349.007226
622 -91.083600 214.586800 -251.955900
623 185.995800 -100.355900 -302.314369
624 -137.278400 96.967100 -256.475742
625 -300.973300 87.221700 -129.734817
626 -211.253600 146.643200 -49.625214
627 -86.723700 13.918600 -215.309624
628 -58.794200 40.970300 -137.992538
629 -243.041600 84.857000 -215.316106
630 -31.785500 176.200300 -235.018831
631 -381.903600 307.983800 -315.370321
632 289.893900 211.459400 -267.507070
633 -97.458900 66.330500 -222.374187
634 8.374800 186.169000 -308.260334
635 387.702000 -107.888200 -260.113042
636 268.034400 95.569800 -303.986254
637 207.206900 194.236200 -389.867755
638 99.801900 117.476100 -295.366106
639 -131.141200 280.537100 -373.820560
640 -60.341400 259.566400 -399.964678
641 107.467400 279.417600 -494.124475
642 166.467000 312.686900 -460.323373
643 25.167900 93.627800 -417.501886
644 -128.165600 195.082500 -449.026363
645 187.354600 143.961000 -407.259482
646 227.783900 344.985100 -453.431456
647 -57.231000 334.457900 -347.639394
648 -1.294800 264.699400 -412.097447
649 134.770600 65.436000 -412.936227
650 -4.449300 282.519600 -228.968628
651 114.606800 123.381700 -280.167434
652 -18.565700 240.129100 -344.358318
653 54.419600 298.176700 -235.930040
654 -212.131400 83.433600 -314.535795
655 -161.184000 114.870200 -457.459106
656 100.046200 350.123900 -476.679568
657 -331.176400 114.433800 -283.806966
658 -548.430000 192.034600 -376.295310
659 -45.746000 185.346100 -260.928304
660 -93.386500 17.913300 -243.790239
661 256.586000 5.058900 -170.034022
662 -120.646000 146.040800 -348.007894
663 -89.893500 202.898800 -349.924975
664 158.481000 284.301600 -626.960067
665 219.482100 373.556500 -427.445603
666 -198.541400 188.601500 -391.954923
667 -296.658900 277.146500 -390.487248
668 129.822200 81.346600 -282.272915
669 104.164100 23.476700 -285.455641
670 12.653700 59.295800 -401.781792
671 74.859800 188.940800 -344.350616
672 31.370000 138.000100 -301.748461
673 163.946200 135.069100 -446.912208
674 121.193700 72.339700 -322.702944
675 66.265200 79.009200 -227.099120
676 -238.362800 317.442800 -521.212273
677 -60.474600 226.895100 -649.981974
678 -300.989900 210.403700 -364.154134
679 -194.872200 256.783300 -319.551018
680 176.067500 196.786300 -290.636187
681 262.425100 51.818900 -359.437537
682 -22.530700 189.155300 -365.826988
683 -257.947800 183.442800 -357.167084
684 52.423000 292.797900 -451.061092
685 -250.187200 221.954200 -271.487672
686 46.075600 152.151900 -246.581469
687 30.432400 236.875400 -451.628630
688 -498.906400 215.128600 -411.120554
689 -352.952200 355.850300 -461.579306
690 -112.967600 89.317600 -367.703087
691 -173.910700 282.947800 -470.899078
692 103.423300 353.025400 -462.142500
693 -45.847600 405.908200 -388.527546
694 -78.736100 263.243000 -352.175251
695 86.596800 128.400200 -371.372895
696 22.671500 308.875900 -250.490924
697 -165.273300 95.166100 -312.352423
698 -75.801900 228.790900 -235.021374
699 187.145800 -36.451800 -301.006428
