# Internal Elec VdW
0 -96.393000 -58.374400 -234.978278
1 18.956800 -68.428900 -237.447883
2 14.223400 53.767500 -194.860270
3 178.912500 127.867800 -377.014699
4 -49.719100 -16.757100 -265.062686
5 -291.432800 -15.650400 -203.722499
6 55.259900 87.349000 -277.043893
7 56.804700 8.922700 -309.968736
8 94.006200 151.982700 -344.220051
9 69.823900 116.973300 -351.921731
10 123.954200 117.730100 -294.854519
11 167.900200 -30.409000 -236.793072
12 170.848600 92.376500 -226.781199
13 120.407900 133.099600 -242.129507
14 104.139500 4.141800 -443.887288
15 -111.465500 -127.763600 -188.453362
16 119.329300 -190.528000 -264.685731
17 160.984700 -144.822000 -173.107306
18 -202.079100 135.747400 -271.921110
19 254.908500 209.390200 -556.889069
20 96.385600 178.870900 -493.674795
21 -184.198800 186.251200 -477.662516
22 22.041100 220.311600 -488.088273
23 32.347400 349.219500 -468.292305
24 78.543200 -26.176700 -516.826657
25 142.243600 187.262300 -525.748854
26 21.988400 176.091000 -451.536062
27 168.332100 335.832500 -365.716498
28 297.939700 151.812500 -355.257063
29 -194.365900 -1.469900 -174.412327
30 -109.149000 300.579300 -431.306129
31 -108.634200 206.031400 -309.648900
32 -8.850500 286.959700 -477.071778
33 -229.395900 212.797700 -358.188898
34 -215.357200 259.942000 -405.162857
35 -56.741300 287.847700 -398.377704
36 14.539300 126.662900 -236.074362
37 -332.525300 317.056300 -550.792222
38 -79.174600 307.162000 -436.113740
39 235.160700 -142.796500 -361.472530
40 -29.336900 62.879900 -201.625042
41 -4.655200 -71.390800 -262.005442
42 84.053600 -56.077200 -254.067143
43 174.240900 204.550500 -500.039670
44 380.127400 120.236000 -446.979342
45 156.637900 161.262100 -283.492464
46 -100.900100 -69.038700 -398.494014
47 -166.718600 292.821700 -436.061244
48 204.637000 -178.603700 -353.084598
49 -249.381300 13.223200 -307.057252
50 122.739400 56.411700 -284.597633
51 138.069300 157.837000 -262.892863
52 -20.189000 125.593300 -362.739881
53 -30.213100 125.503600 -217.701974
54 149.047800 149.227900 -324.814360
55 -49.980400 -70.169600 -294.492027
56 -100.485200 137.707700 -366.786307
57 366.692200 -117.713000 -308.177660
58 -23.657400 65.146500 -296.930520
59 8.053000 -74.267000 -190.372465
60 -2.040100 9.292100 -268.982895
61 283.254600 36.713100 -309.746396
62 -305.465000 -92.455100 -272.137814
63 -144.233400 -89.080900 -364.093554
64 -168.858400 70.873300 -347.812846
65 226.528200 69.164400 -420.710354
66 191.945500 187.519600 -483.384879
67 -123.208200 83.455000 -527.634544
68 -60.644600 36.226700 -466.234492
69 289.677000 170.100600 -276.153326
70 37.352400 73.168800 -248.897543
71 -365.282900 157.005400 -376.404413
72 161.083400 58.109000 -240.454635
73 178.575100 -29.380700 -332.699379
74 285.944200 160.928600 -343.548937
75 188.038700 159.460000 -436.001873
76 -332.047700 38.597700 -248.697803
77 127.615200 41.621100 -334.780923
78 -18.027700 116.435400 -350.067118
79 -162.242100 -30.505500 -153.090190
80 425.499100 47.662800 -300.305949
81 -284.568200 273.837200 -427.628225
82 -126.366800 274.067100 -281.772159
83 -132.909500 55.270700 -250.693519
84 -35.808400 -83.582600 -186.447904
85 172.394400 40.567600 -345.710680
86 -111.559200 218.253000 -347.198935
87 -30.626400 314.193700 -311.196654
88 64.665800 -236.449700 -114.284275
89 156.709200 5.899100 -367.092976
90 182.033900 177.130000 -369.739654
91 183.221600 14.554800 -491.498613
92 224.057400 202.551300 -568.396586
93 -129.579600 162.994900 -527.022006
94 -100.693700 356.088100 -332.801189
95 25.809900 138.663900 -349.553780
96 171.630100 -27.602600 -163.454420
97 16.241500 99.420700 -275.385289
98 287.532600 66.344100 -209.818014
99 314.628800 26.516700 -411.892216
100 -1.204800 226.127700 -523.813062
101 -125.018600 225.523900 -387.529479
102 217.986200 29.699700 -340.033484
103 47.273000 199.164500 -434.652788
104 109.728100 133.202100 -315.278066
105 126.701500 106.662700 -127.184768
106 231.494600 47.240300 -277.621386
107 289.229100 235.882200 -379.870299
108 16.789800 29.272800 -386.843939
109 158.381000 -141.012500 -295.382063
110 -77.674200 23.668100 -332.334885
111 -70.151000 181.578400 -367.808102
112 -261.902500 34.461700 -288.613034
113 -43.234400 163.015000 -360.736654
114 -31.801200 193.744000 -489.384796
115 317.699300 74.029000 -240.892420
116 132.942500 242.144200 -324.402520
117 63.564300 -50.354700 -215.729362
118 -8.915600 -16.591400 -319.828424
119 15.170900 284.947100 -336.582937
120 -183.239500 4.598600 -349.120265
121 -245.063100 169.241700 -289.505223
122 133.108900 32.052700 -207.961665
123 296.000600 223.340300 -532.351117
124 92.407200 154.570300 -442.054857
125 379.101500 207.192900 -467.696627
126 91.601400 84.461800 -467.873435
127 153.994300 234.643100 -465.723127
128 -73.111300 307.806400 -507.423120
129 24.551800 233.205600 -581.870518
130 -182.775300 321.241200 -445.197528
131 -140.254400 200.468400 -472.215970
132 -108.642900 187.992800 -294.588744
133 356.531500 257.704800 -420.168801
134 -45.045400 199.575700 -339.915496
135 191.759800 142.592800 -320.081160
136 40.054600 34.409000 -201.865109
137 -272.065000 126.805900 -270.839014
138 208.497700 99.806800 -251.170326
139 116.695300 172.988600 -270.733360
140 -291.797100 154.184100 -400.322318
141 37.500200 62.674200 -367.334267
142 -249.437400 419.678600 -383.213981
143 148.613200 245.281000 -335.756348
144 43.586600 250.912400 -379.123062
145 29.581400 50.436400 -282.569167
146 325.270000 128.191600 -215.110970
147 -66.675900 309.869200 -433.348345
148 -47.809000 384.538200 -264.290396
149 -124.204000 215.302200 -322.216570
150 91.629100 191.221200 -324.759971
151 207.293300 317.741500 -442.811648
152 99.943600 175.801400 -352.596226
153 -164.338000 105.203400 -521.436452
154 332.931300 -73.585700 -356.353722
155 160.940000 97.033900 -336.509988
156 11.930600 63.796100 -431.636900
157 264.912400 156.224100 -396.086787
158 243.085000 86.479100 -458.027434
159 188.890900 272.750200 -577.508684
160 56.763700 263.621800 -415.580330
161 50.284400 184.110300 -482.733171
162 127.676900 -2.966100 -303.884623
163 260.111600 24.289800 -229.970309
164 296.560900 -119.773300 -380.493501
165 331.678100 111.084700 -315.102848
166 -151.476800 276.183600 -366.312298
167 109.611200 158.475600 -430.674168
168 -274.233000 178.478400 -415.754166
169 370.878800 -77.221500 -380.567166
170 63.220800 83.537100 -458.579712
171 -149.303100 68.332800 -187.479657
172 37.836800 78.034600 -344.335873
173 -10.138000 135.121900 -444.709430
174 -1.557400 60.777800 -361.468106
175 -180.675100 139.501000 -148.370600
176 295.497300 31.464600 -450.173292
177 -68.505300 138.518600 -312.440760
178 232.472000 20.243800 -317.003362
179 98.223400 90.710300 -326.255349
180 -195.275600 99.940200 -409.724510
181 241.817100 -93.869300 -366.559896
182 -14.165700 49.751900 -377.926614
183 -31.523300 209.837100 -262.765330
184 -132.726600 126.380900 -373.015337
185 62.765000 95.904200 -350.593009
186 135.552900 59.317600 -318.656260
187 -183.234300 -19.835700 -81.580231
188 -91.728300 197.421300 -360.252542
189 -301.914300 53.389100 -155.115980
190 108.757500 215.166700 -355.655304
191 -20.350000 243.584400 -416.752415
192 -225.668400 249.601700 -320.260225
193 -238.965400 41.667200 -241.289490
194 -251.211700 244.992500 -252.686604
195 160.194100 106.555500 -377.409135
196 179.296300 38.211800 -328.593067
197 -383.614800 217.130700 -291.309184
198 -30.812900 24.526000 -164.029774
199 309.375800 96.259000 -266.892229
200 173.949200 0.923200 -254.263547
201 20.561100 151.932300 -267.253155
202 203.739400 209.852000 -346.148573
203 4.572800 211.962400 -423.696558
204 390.633000 -50.263300 -277.481500
205 -425.776000 311.018900 -251.822150
206 -92.880900 180.301500 -304.006328
207 -86.749200 179.233700 -259.954364
208 99.845900 405.168400 -487.368005
209 -156.036300 258.162800 -326.768648
210 -93.180500 70.964400 -340.094792
211 -72.161300 11.482500 -207.144592
212 -54.702600 165.268300 -349.282329
213 -55.942900 278.766500 -265.427941
214 113.950000 283.259300 -357.125686
215 -78.031200 297.387200 -412.388727
216 -319.237600 223.573200 -450.750726
217 -93.331500 120.102800 -538.108413
218 220.532000 207.104800 -433.399322
219 -267.853700 112.893700 -389.980107
220 -246.998900 216.022800 -341.748347
221 -101.963200 107.823500 -303.556786
222 -177.357600 282.512800 -238.431505
223 110.422700 102.900100 -301.161117
224 -264.244400 93.917700 -333.624513
225 89.956900 114.846600 -242.336456
226 -23.151500 176.377900 -422.475409
227 -224.927400 246.591000 -311.766502
228 -123.400300 108.648200 -428.335031
229 -28.553000 48.123600 -294.477733
230 291.120200 194.673500 -466.123959
231 -260.006400 -23.422100 -270.206066
232 204.946400 248.082600 -323.388064
233 109.465400 105.062200 -230.569660
234 49.327500 260.485200 -359.907634
235 -32.383400 276.986400 -451.578427
236 -15.132000 310.419200 -465.524269
237 -173.930300 257.651600 -379.580692
238 -58.307800 306.863900 -319.964982
239 -74.285600 268.746500 -498.046086
240 301.758300 177.256100 -371.769582
241 172.668300 48.971200 -406.544040
242 312.924700 91.669700 -416.853460
243 310.498300 205.483900 -323.166576
244 -138.941400 189.426100 -363.964161
245 -89.471900 267.159100 -289.716088
246 -39.110100 270.334900 -425.545071
247 -50.806000 157.204200 -424.449282
248 80.883200 -122.888600 -205.582913
249 129.402800 32.232400 -317.997722
250 -121.685400 201.151800 -299.794664
251 53.644900 128.449600 -396.862814
252 215.337700 24.578600 -299.777399
253 76.386500 83.803600 -270.446899
254 32.814300 308.995500 -505.106351
255 -37.921600 75.142200 -475.829256
256 139.384300 232.522600 -469.382264
257 110.351200 260.821400 -479.414227
258 173.837900 18.477700 -343.917461
259 88.479700 103.589600 -421.105740
260 245.388400 -5.554700 -470.203849
261 65.287600 249.221200 -546.186423
262 323.983300 89.806200 -260.781924
263 -200.172700 104.016200 -322.505316
264 -105.762200 160.887500 -222.635240
265 -22.427300 34.349400 -428.297572
266 -8.439200 12.033900 -302.939228
267 89.571100 326.032500 -400.103823
268 205.808600 171.930000 -407.627830
269 295.614700 110.425000 -376.864887
270 405.996700 -29.044800 -259.103329
271 -158.230400 155.744700 -388.784501
272 80.360200 117.179100 -402.479132
273 -202.254300 177.892700 -359.875791
274 204.673100 103.575800 -362.765591
275 472.284400 162.459000 -373.880621
276 -149.268400 121.630300 -247.483077
277 237.426300 268.069700 -466.748454
278 -201.069400 204.925700 -451.531872
279 63.202800 -58.713000 -299.973664
280 -133.225700 204.999300 -501.341693
281 -187.596900 160.331200 -304.306250
282 -178.703900 176.003400 -349.881235
283 -128.612200 -59.932800 -309.622332
284 259.580400 82.773700 -359.769978
285 83.585100 76.495300 -299.305937
286 191.327900 97.004300 -281.558685
287 482.959600 38.821500 -362.838713
288 -245.212600 258.582200 -240.183718
289 177.463600 -55.718800 -347.183652
290 342.100000 188.319500 -397.976586
291 -194.182900 123.128500 -327.824237
292 280.075000 275.195400 -553.012172
293 -76.288200 64.951200 -334.394093
294 209.577300 44.495400 -359.335200
295 -27.891600 154.351400 -299.736173
296 138.292800 50.215200 -340.935316
297 -273.864600 71.676100 -307.205278
298 164.311600 124.370000 -313.313891
299 -108.619500 218.610400 -326.996750
300 59.030800 202.191100 -459.399823
301 -73.911600 212.455000 -513.079063
302 -35.257300 299.209400 -338.254611
303 424.103800 30.408700 -371.250334
304 44.370400 -38.244500 -345.780700
305 191.796600 -3.996000 -216.753833
306 297.131500 131.296300 -311.696399
307 46.102800 84.074700 -412.400296
308 -236.743300 197.065900 -458.317666
309 -258.939800 309.619700 -354.186828
310 -292.736000 65.192300 -288.249462
311 51.474100 292.591200 -485.299068
312 -60.937600 199.652300 -309.427162
313 78.388700 256.885400 -457.623060
314 -189.006700 357.804700 -365.380439
315 -251.014900 157.633100 -352.894818
316 -18.375400 -40.874700 -337.264793
317 -153.402600 171.527400 -444.381447
318 61.552300 93.670200 -315.201612
319 204.093800 51.214200 -140.824272
320 -21.381900 169.880300 -388.526738
321 -25.713600 60.511100 -247.778036
322 -16.095500 260.070300 -338.702922
323 444.989100 -83.162300 -325.184101
324 49.081900 137.237500 -402.959035
325 260.884200 247.205200 -470.134067
326 311.435000 58.254200 -529.304420
327 169.884400 3.173800 -361.336313
328 -249.078100 139.309400 -234.626199
329 -382.973700 215.702700 -489.204279
330 -7.616200 128.026300 -324.477211
331 -50.012600 207.590200 -288.028294
332 104.406200 292.320100 -427.937108
333 90.868500 242.713700 -363.498166
334 154.553700 330.551000 -442.002902
335 246.100000 146.571200 -407.185839
336 -101.411400 62.057900 -333.172933
337 -27.058700 107.559600 -302.402903
338 -186.320300 82.213100 -221.906809
339 21.960900 154.527500 -285.130197
340 63.002100 205.018400 -224.239256
341 -165.890800 40.091600 -166.100430
342 45.100300 125.217800 -319.602713
343 407.441400 -32.801600 -263.839602
344 -19.635300 151.029500 -312.197750
345 -126.388400 155.796500 -367.611819
346 270.087700 271.421300 -465.653104
347 197.642400 89.126100 -329.305526
348 152.046600 -213.431700 -157.905981
349 142.890500 124.213900 -304.120882
350 121.706700 17.624600 -463.797316
351 257.892500 -190.240500 -197.217937
352 178.752300 51.123500 -321.759609
353 6.491000 105.097000 -159.719952
354 150.158400 12.996400 -342.367936
355 -80.550100 83.654700 -319.885529
356 192.665600 96.366100 -299.289652
357 94.616900 152.508900 -307.270743
358 133.837900 148.417200 -465.425464
359 319.404400 -3.555800 -448.956058
360 -64.316500 158.887800 -398.106696
361 310.312700 5.367800 -279.418449
362 -245.813700 267.187900 -363.319978
363 558.955400 212.134400 -263.836886
364 -1.062700 355.072100 -471.751622
365 128.518500 83.964400 -263.761055
366 -239.647900 106.756500 -224.505809
367 73.907200 174.453900 -319.476143
368 103.355400 17.176000 -243.055716
369 -236.595000 101.636200 -311.456823
370 145.982100 65.577100 -288.126127
371 195.506900 178.802400 -266.589994
372 84.205700 52.034700 -303.535276
373 -32.560300 27.188300 -285.800788
374 125.430800 213.564200 -240.269958
375 89.221800 78.209500 -421.204720
376 362.852000 97.563300 -338.181106
377 -130.275500 172.230400 -265.520196
378 156.073700 28.209000 -487.179926
379 -518.937500 258.827700 -440.010057
380 -453.806500 163.578700 -470.418217
381 -52.353700 68.327600 -262.824969
382 -337.952600 64.835800 -245.223641
383 -28.097200 267.632700 -294.009619
384 -325.347300 314.285300 -254.141728
385 42.858500 25.715200 -243.630368
386 -19.960000 52.187100 -345.115196
387 -166.279900 181.632100 -495.379042
388 78.831200 105.291100 -243.905409
389 5.850400 312.236600 -437.384247
390 4.884900 80.567000 -150.964920
391 515.273100 -46.620100 -268.661181
392 391.657100 -134.775900 -351.729242
393 250.621100 98.734400 -277.003336
394 146.194700 59.867300 -192.896659
395 -44.667100 104.477600 -251.974617
396 104.023600 124.537100 -324.100318
397 154.036800 256.688900 -450.840317
398 106.635400 115.714900 -183.647921
399 1.183800 -19.512200 -169.906458
400 572.684600 74.786100 -350.866067
401 348.749100 35.905500 -344.649287
402 -99.866800 -2.161400 -277.517958
403 127.107900 36.862800 -429.855955
404 -51.522200 262.369800 -442.122354
405 55.228200 56.196200 -155.025396
406 59.847400 95.012000 -236.304844
407 -72.500200 21.589100 -417.170375
408 70.299200 193.049200 -406.092005
409 321.390000 104.908400 -381.918151
410 -87.142900 183.758800 -302.541546
411 106.919200 -12.857800 -248.277940
412 179.326600 -18.214500 -282.616418
413 218.570900 194.624100 -325.894984
414 -214.175100 136.368600 -317.091494
415 -144.871400 27.439800 -174.287815
416 91.302300 256.490900 -450.800711
417 90.805400 69.070900 -367.797374
418 -9.417600 -19.235000 -375.851817
419 106.549300 54.662200 -373.271096
420 -127.846200 155.900700 -261.102592
421 296.712600 112.522400 -294.859357
422 -13.179000 60.016300 -368.612849
423 -37.784000 108.692000 -263.595994
424 -69.612200 158.938700 -303.938918
425 185.936300 55.523700 -193.520095
426 449.842300 96.779000 -274.767257
427 3.431300 200.973100 -322.464254
428 130.072100 198.355500 -457.210282
429 -85.491700 105.997600 -236.394795
430 -102.842500 10.557200 -246.954668
431 -35.910200 190.131600 -353.470876
432 -101.631200 197.413100 -413.714764
433 15.328700 105.219800 -255.214535
434 -317.477300 42.220000 -230.103498
435 -274.192100 187.177400 -372.422203
436 -77.621600 101.048600 -262.997657
437 -105.403400 192.967500 -177.624128
438 85.611000 95.214800 -325.313752
439 -0.699300 96.726800 -227.919545
440 -45.172700 49.267000 -395.192318
441 85.891400 148.239400 -188.037935
442 273.284100 -114.168100 -343.501653
443 196.253200 9.809200 -454.404143
444 189.564300 11.283800 -330.791622
445 86.094000 -133.968100 -117.230935
446 142.824400 -14.732300 -135.214553
447 368.123300 19.884000 -169.253687
448 -228.162400 -67.393200 -21.879269
449 225.391600 195.379500 -404.742742
450 -22.219400 26.885900 -204.983000
451 347.563200 -94.030200 -253.669007
452 108.912400 -96.260500 -358.534698
453 148.696100 -66.609300 -223.597563
454 -246.693600 62.918500 -268.760369
455 219.837500 95.406000 -332.390116
456 -230.892200 76.827200 -153.405949
457 165.454000 -81.482700 -251.669513
458 276.712500 9.477100 -293.115063
459 119.267200 204.137500 -233.395214
460 188.270700 -23.909700 -193.397008
461 -363.860600 187.694700 -316.480816
462 84.683300 -18.495800 -267.136664
463 -129.660100 152.231600 -282.707027
464 187.102000 191.743700 -333.744986
465 221.611500 37.746000 -305.398393
466 195.265000 -43.537100 -270.125252
467 -201.375000 257.142800 -369.831661
468 301.698200 94.950100 -136.511930
469 206.793000 138.877400 -235.450609
470 248.688000 -115.002500 -279.484390
471 371.869400 38.254700 -141.235684
472 -102.584400 -106.496900 -201.030818
473 -41.577000 115.666900 -312.093118
474 -334.374100 231.149500 -239.702026
475 -91.097100 255.457500 -252.455406
476 128.328500 47.720400 -435.710832
477 123.841500 -43.907800 -156.551211
478 521.336000 164.177300 -269.843789
479 64.110500 50.330100 -264.556348
480 52.115100 187.741700 -290.993954
481 227.503200 14.548700 -162.399918
482 131.846700 -46.304300 -220.197215
483 -175.102400 229.754500 -386.171178
484 185.930200 -95.234800 -179.807429
485 -29.130100 -78.091500 -283.634427
486 192.730200 -195.443900 -288.932569
487 230.872500 73.054400 -370.239690
488 -158.740700 -69.535500 -228.522735
489 591.840200 222.719300 -340.647187
490 172.954900 -285.819700 -197.112962
491 -98.783600 232.337700 -246.134453
492 39.003700 46.851800 -232.474653
493 -85.640000 192.761400 -167.535603
494 -722.472300 304.674100 -206.728246
495 467.815700 53.603900 -272.702910
496 143.755900 66.325400 -316.551553
497 -246.155700 178.778400 -207.554995
498 -189.544000 62.008400 -338.410930
499 57.302900 124.081300 -546.775177
500 -0.364600 33.489700 -212.774378
501 -181.030200 280.938100 -177.730823
502 -35.908700 47.181100 -229.262236
503 -203.370800 190.926500 -303.493564
504 -71.905200 69.515600 -264.480036
505 111.530600 -49.883200 -275.143675
506 68.997400 73.749900 -253.077243
507 -57.020500 230.298200 -231.722634
508 225.925400 -62.869400 -285.253143
509 126.606600 119.247600 -160.376505
510 45.644100 27.140500 -361.147411
511 -95.320600 174.669800 -205.493122
512 113.233500 275.845900 -385.029770
513 246.338000 -64.413400 -324.943390
514 130.711900 23.175400 -247.719350
515 -38.461100 101.193900 -392.398142
516 186.556400 -84.484800 -213.286820
517 114.151500 116.927800 -380.085305
518 188.208200 161.179200 -380.186139
519 -29.785400 62.960300 -237.198391
520 -2.036700 303.091900 -322.913638
521 231.513700 291.531600 -436.864152
522 22.492500 116.809600 -399.528419
523 -22.240100 26.781000 -349.956711
524 -75.025000 114.732700 -483.871052
525 -2.574400 23.970100 -421.670846
526 62.932400 35.520100 -318.583684
527 1.023300 4.382900 -280.254261
528 -45.117200 180.662200 -258.785155
529 312.845600 176.391300 -310.499155
530 30.593100 192.024200 -224.527744
531 65.049300 3.913300 -473.967222
532 223.573700 -46.719500 -276.421962
533 -128.399800 82.776400 -460.430541
534 40.307000 15.660000 -348.500053
535 60.623300 103.311000 -381.719772
536 83.481500 -3.685500 -317.607775
537 202.834400 155.813000 -255.519579
538 -58.231400 215.706400 -366.238608
539 392.317200 90.359700 -336.518661
540 -128.979200 -285.733800 -65.179917
541 -350.601600 203.614400 -313.876731
542 -178.852500 74.253000 -254.737250
543 -165.551500 22.209400 -383.084469
544 204.638000 245.745400 -401.447623
545 110.081000 54.404500 -219.009902
546 186.450300 66.094700 -355.451071
547 197.917200 83.683500 -334.250087
548 214.254700 -200.889100 -208.918107
549 -126.312700 129.299000 -243.120525
550 -56.788300 203.406200 -465.314482
551 80.671900 280.238800 -416.901092
552 244.943100 73.636200 -305.454325
553 -84.440900 137.857700 -259.834271
554 97.029700 51.515200 -206.396869
555 -122.178600 -140.604100 -159.324441
556 128.570200 213.807700 -313.141404
557 -89.379200 123.827300 -186.982784
558 60.624200 31.727200 -170.685542
559 241.306300 183.673500 -309.866933
560 195.583500 161.646700 -237.254042
561 428.680200 48.199500 -295.790820
562 32.932800 75.616000 -420.178798
563 -27.629800 16.272000 -306.429783
564 292.494300 -15.556000 -36.948913
565 -133.411300 129.799400 -206.368378
566 494.668400 -160.505500 -60.348503
567 -98.245800 52.833900 -294.036196
568 38.312500 -191.793500 8.106978
569 -200.178000 149.288000 -448.314336
570 133.562700 184.373500 -324.489198
571 -152.341600 66.533700 -324.297418
572 66.344400 196.280000 -484.422429
573 7.069500 256.824800 -299.411274
574 108.069100 167.362600 -421.153560
575 -88.441300 1.286000 -345.782745
576 -68.529500 28.479100 -275.379545
577 -79.003100 138.206300 -286.131702
578 102.448500 156.834800 -354.316498
579 -174.417400 41.355300 -338.824622
580 -29.336300 224.784100 -301.204276
581 -62.203400 115.046100 -497.607029
582 -50.516200 233.523700 -309.086170
583 33.364500 36.645100 -364.707345
584 150.488800 -86.010100 -265.421888
585 105.016600 34.152600 -457.364441
586 150.037900 81.424100 -421.072585
587 -31.118500 151.897300 -214.693739
588 -186.591600 -15.147100 -392.845245
589 7.190700 61.279000 -258.689077
590 -55.850700 43.106300 -25.104837
591 119.396700 85.588500 -351.668663
592 -204.671900 224.650400 -272.667743
593 158.797700 167.450300 -317.735744
594 30.128200 -41.253600 -312.139788
595 -275.621300 147.897700 -275.263149
596 -0.710300 291.809100 -468.114256
597 203.272200 137.093800 -287.821862
598 63.308000 38.868000 -212.713952
599 -188.771900 140.316100 -89.044685
600 250.423400 125.890000 -194.337287
601 -26.689100 106.830100 -329.149110
602 106.531000 -43.844400 -143.212817
603 427.668700 -6.070800 -243.941875
604 222.026100 -43.338800 -236.070898
605 22.374800 -130.913900 -163.602838
606 374.383500 -105.193700 -34.974689
607 18.203600 15.855600 -217.802004
608 167.829900 -51.320100 -97.381179
609 139.302100 22.794200 -213.079589
610 91.661500 189.432900 -210.281152
611 -30.675600 -62.069600 32.115719
612 -61.034900 204.664500 -159.085042
613 699.398500 -89.184700 -62.610461
614 54.561300 47.997200 -49.994017
615 112.412600 -100.776100 -180.535903
616 67.149900 50.120700 -53.600589
617 -181.679300 83.099900 -62.313154
618 73.036500 -171.809600 -43.364341
619 12.092600 49.758600 -237.087549
620 -313.004800 125.538000 -118.206653
621 -92.310300 -19.397800 -159.524071
622 -52.801400 72.508100 -38.383625
623 134.494000 -104.265000 -111.764582
624 61.533700 -45.080200 -87.548585
625 -419.473100 67.647700 -125.274710
626 -29.772100 -174.991800 111.552268
627 220.527200 -70.287500 -98.081752
628 36.414000 -86.902900 -65.854890
629 -57.264000 -68.475900 -2.892925
630 -77.288800 -43.380100 -78.260985
631 -140.937000 139.121800 -188.884742
632 143.568000 -27.448000 -35.187075
633 161.622700 -219.069000 -87.943101
634 -189.216400 -27.248000 -101.905738
635 234.124500 -36.612200 -182.560380
636 106.866100 -34.280000 -137.283246
637 19.143400 -57.591700 -283.701558
638 -269.069800 149.466600 -264.463705
639 -245.205100 158.404100 -243.649703
640 -174.141000 89.029800 -247.564499
641 -112.141300 94.144200 -119.875743
642 -56.783600 109.359500 -81.457329
643 -150.336500 -56.449900 -163.354114
644 35.178900 -28.580000 -54.953379
645 378.620200 4.026000 -102.956259
646 106.279200 190.801600 -299.829514
647 -77.315300 110.311500 -37.751130
648 56.530200 -21.773100 -171.542839
649 225.693500 24.756400 -278.143533
650 227.582600 -11.445800 -26.960544
651 89.139900 -24.019400 -217.334778
652 243.041100 -35.404200 -354.915668
653 71.712900 -14.399300 105.959827
654 -161.059200 -10.994500 -117.926088
655 1.502600 -218.068500 -194.243238
656 79.769300 160.964800 -396.876798
657 -58.460700 -63.742400 -286.039461
658 -347.984600 18.889200 -188.955995
659 1.818800 38.366000 -239.322881
660 -267.070800 -32.578800 -142.925424
661 -49.660000 26.548700 -141.147632
662 -430.851200 135.405700 -308.902732
663 -457.390200 71.933100 -111.838822
664 -104.967400 294.669200 -448.563361
665 276.190400 160.222700 -283.272399
666 -8.635500 156.601700 -325.433467
667 58.988300 115.174300 -138.210379
668 44.844600 -78.746700 -154.169207
669 236.235700 -88.264500 -212.228780
670 -91.910800 45.837100 -198.747300
671 48.780100 124.116200 -331.571418
672 -30.740000 83.433300 -212.724555
673 229.768600 150.156700 -299.857967
674 -114.870700 179.386700 -205.586999
675 -120.257300 126.243800 -182.992080
676 -15.792900 186.896500 -322.038408
677 9.001100 201.138400 -301.850260
678 -85.249800 70.174600 -290.967284
679 -39.190800 107.350400 -260.226808
680 307.963400 215.342300 -293.706306
681 -225.578800 83.407500 -405.996172
682 -166.930800 43.316600 -172.707388
683 -408.124800 91.347400 -361.861038
684 -90.277400 112.027900 -343.078139
685 -124.255500 35.171100 -238.349627
686 -112.380900 33.162500 -135.641340
687 -44.282200 87.361600 -249.467525
688 -125.784300 -16.959700 -120.931737
689 -225.827200 70.059000 -256.371114
690 -102.696900 -104.181500 -232.523593
691 185.049500 -32.958900 -246.408275
692 132.233500 14.526100 -201.344970
693 229.558800 184.488500 -283.395502
694 26.813300 115.966600 -309.577454
695 4.523100 -39.474200 -155.738464
696 -123.140900 229.725900 -201.138697
697 152.883400 -126.712000 -215.369878
698 -320.841800 90.047000 -253.226911
699 123.055100 -104.125200 -102.321667
