# Internal Elec VdW
0 70.584200 105.517000 -351.442340
1 -21.870000 -11.517400 -212.569584
2 24.604900 186.290000 -147.646500
3 105.966500 20.422200 -312.526512
4 -193.543200 31.632400 -142.499826
5 -121.476400 323.830500 -292.121034
6 142.229400 105.407700 -194.345875
7 -66.891400 240.558200 -191.802974
8 159.717200 197.727600 -175.344311
9 -129.665800 -13.240500 -153.163687
10 120.450900 158.473700 -223.008684
11 346.244000 89.777300 -302.428498
12 -38.627400 247.945600 -130.035625
13 -294.767500 232.639500 210.650902
14 238.272400 143.555600 -313.937532
15 -369.797500 -3.770700 -138.479002
16 71.800400 7.039700 -36.713096
17 -105.472100 30.539200 -197.977797
18 254.047100 167.400700 -128.501320
19 -97.825300 361.673200 -459.903387
20 438.080200 187.698000 -145.361475
21 -38.764600 130.667100 -201.836035
22 202.021700 366.817300 -321.951359
23 209.747300 369.199800 -284.995129
24 -3.206500 153.818500 -286.217940
25 -154.387200 312.705300 -257.596603
26 122.335600 150.563100 -127.209411
27 38.856800 187.783000 -10.288955
28 106.125500 106.020200 -54.715278
29 13.759900 40.158400 -18.793130
30 28.118700 266.037200 -57.791572
31 -173.572700 42.634900 17.191696
32 121.259800 132.106800 -75.343857
33 31.900400 257.493800 -197.324912
34 -251.274100 313.716800 -221.545978
35 -307.786800 261.744000 -180.945407
36 263.992500 107.801600 -41.658838
37 -228.414200 267.914400 -118.190833
38 -180.422200 260.212600 -199.988117
39 167.819300 191.760500 -105.007831
40 181.027500 268.981000 -219.587070
41 75.862100 81.070000 -61.099091
42 273.315100 25.690900 -86.475515
43 259.904700 179.272400 -160.637249
44 84.606800 136.133000 -168.105984
45 -22.355600 373.291100 -313.351035
46 -240.854300 275.079700 -130.885038
47 191.372000 177.140900 47.939696
48 28.102900 113.602400 -239.947988
49 57.253700 117.328400 -218.118938
50 19.553100 19.003600 -161.212591
51 -94.443000 161.822900 -52.649915
52 -232.905700 108.606000 -19.989000
53 -2.697000 139.128300 56.412577
54 293.465900 217.102300 -265.664661
55 -263.162700 245.669400 -274.046563
56 95.022900 158.770800 -168.054829
57 153.481500 43.984400 -89.496896
58 201.379900 206.065400 -5.355783
59 247.968900 90.961900 -225.569726
60 55.597400 220.160200 -132.080156
61 -22.072100 2.183200 -48.992523
62 -294.521800 109.563600 -130.206082
63 48.693300 138.643700 -158.756002
64 4.165400 178.657300 -66.348120
65 198.343800 236.194100 -203.981995
66 333.914700 305.290900 -496.997272
67 -209.184100 220.195600 -358.231972
68 -355.634500 242.943400 -215.284651
69 377.450900 210.665900 -153.541452
70 138.201500 52.153700 -9.657729
71 -91.959100 220.316100 -193.355043
72 6.645000 177.034200 -49.715758
73 124.782000 204.785000 -316.851734
74 457.395100 327.437900 -342.883791
75 -38.314300 243.431200 -216.030542
76 -39.944900 198.848700 -266.355766
77 54.361100 210.717400 -206.915571
78 -129.536700 241.354900 -307.201366
79 -278.317500 83.505700 -92.440552
80 142.539300 223.882000 -172.617261
81 -311.148600 477.768800 -325.715614
82 130.990600 215.567400 -138.936598
83 21.921600 187.592100 -233.833102
84 -90.050600 60.346400 -117.179528
85 525.589800 53.349800 -365.068992
86 -55.073700 343.967300 -205.203063
87 -11.766300 309.908400 -284.066590
88 265.213800 -60.311700 -214.161932
89 221.763200 59.690700 -99.208175
90 419.813100 132.743100 -262.595578
91 278.367800 127.918300 -282.786947
92 249.829100 131.822200 -477.330937
93 -189.217100 382.273800 -342.604272
94 57.616600 515.110000 -422.913460
95 254.886600 369.922400 -185.794487
96 97.185800 197.255100 -214.631641
97 232.924500 253.598000 -186.835043
98 140.901800 131.884200 -121.897781
99 103.534700 145.710700 -418.758882
100 191.722400 136.221700 -367.059289
101 38.133100 239.199400 -167.594294
102 -0.410100 186.892500 -295.207568
103 -137.516600 357.577900 -317.613650
104 170.389600 233.076900 -153.924759
105 210.683300 329.018400 -127.553367
106 159.780200 209.660500 -154.273984
107 278.900600 394.575000 -268.082286
108 -22.760700 443.686500 -328.728438
109 -4.706300 194.472200 -245.066292
110 -17.889700 309.841100 -293.396597
111 199.606200 351.172400 -384.842851
112 -217.574600 213.594300 -270.989001
113 -225.829000 172.727100 -266.455468
114 -18.995700 206.372000 -271.777820
115 330.339000 30.883800 -95.846155
116 -50.122200 300.031500 -261.004526
117 -224.784100 174.187700 -227.014108
118 47.995500 263.916400 -440.319387
119 -75.025600 229.914200 -215.563363
120 -125.961000 3.864700 -403.757854
121 -248.975500 409.365800 -357.186199
122 181.132500 349.397100 -309.990348
123 -35.753300 332.743200 -639.692826
124 102.092200 395.450400 -410.956010
125 180.886500 308.635100 -297.767268
126 41.714400 154.753200 -610.887370
127 318.735000 324.510100 -449.859734
128 153.197500 522.987600 -537.519751
129 36.242800 370.182700 -501.549858
130 -318.740400 570.174800 -471.069508
131 110.640600 382.718700 -299.796389
132 -35.783800 276.939500 -302.882092
133 480.405700 218.171000 -379.967280
134 30.128700 350.966200 -372.308342
135 170.176200 269.423600 -321.110367
136 -124.644700 385.129000 -265.043131
137 38.622200 213.981600 -73.547902
138 171.866000 167.328700 -215.027085
139 84.562800 381.980800 -387.667982
140 -43.317400 116.297400 -356.061080
141 -93.870000 186.070700 -193.237907
142 90.153300 370.133300 -353.071461
143 105.251400 463.702300 -274.708728
144 331.621800 280.016600 -358.987116
145 318.791900 170.152500 -267.768801
146 -99.564900 286.253600 -170.659218
147 -53.253200 392.858800 -318.785389
148 -140.284600 247.900000 -178.934146
149 -146.150200 224.303300 -178.738357
150 -104.113700 154.397800 -245.039138
151 83.616600 313.187900 -452.544845
152 -46.679000 136.950900 -201.710233
153 8.621200 156.398400 -377.193157
154 263.608600 36.706600 -301.555307
155 160.145500 294.909700 -387.373055
156 -86.643800 253.511000 -306.978733
157 294.861800 290.524400 -447.598325
158 78.205600 122.152800 -310.154244
159 358.328700 229.993400 -512.126812
160 50.458300 333.433900 -310.832765
161 124.853000 79.986000 -345.173315
162 -51.138300 141.067200 -416.639708
163 -64.905700 298.495600 -419.733000
164 139.656100 -11.435600 -287.880771
165 147.585900 277.498000 -273.161295
166 84.741400 342.496100 -414.265052
167 317.514700 194.396000 -513.701053
168 -28.892400 217.557800 -449.003258
169 233.956700 30.863700 -327.045333
170 222.033700 77.791000 -498.594892
171 -222.211400 216.798100 -226.331522
172 -67.530400 305.887200 -339.830969
173 42.917400 138.499500 -330.394829
174 227.393400 209.099500 -462.170234
175 -126.903700 216.359600 -177.377779
176 562.994200 -6.515300 -295.050552
177 -161.774700 174.360200 -281.102780
178 14.535300 93.022500 -326.687060
179 -268.220000 140.763800 -157.048033
180 236.889800 232.692200 -436.372281
181 20.287800 215.049700 -283.923816
182 -215.834900 111.053600 -226.659369
183 -122.674400 168.530000 -216.712268
184 -19.034100 209.102200 -433.612435
185 -120.265400 163.820200 -388.184585
186 61.794800 144.848200 -343.710416
187 -258.713200 236.091500 -190.333517
188 -39.236600 265.372300 -434.885007
189 -145.918700 27.037600 -208.635149
190 -3.568700 456.616700 -352.870586
191 191.662500 165.334800 -405.395210
192 -140.121000 306.384500 -372.429806
193 -124.173200 107.076200 -157.180958
194 -272.195600 299.521800 -251.851001
195 283.103000 146.432500 -263.580217
196 -34.159100 214.120900 -304.392803
197 -179.150600 282.417600 -382.537095
198 103.455600 88.177800 -234.303507
199 56.687500 144.629500 -383.854270
200 10.752400 187.273300 -256.169062
201 306.539400 179.423900 -379.947244
202 71.348300 362.968500 -261.680074
203 -165.318300 166.415500 -200.539778
204 368.006600 335.492200 -487.089705
205 -88.488600 417.568100 -173.739521
206 -106.195700 329.339500 -272.458559
207 209.182000 383.342200 -316.361355
208 232.493100 501.459500 -528.336620
209 86.051700 211.049700 -235.990958
210 -330.451300 359.133800 -284.549368
211 136.470900 207.060100 -201.428052
212 -369.329000 370.149800 -243.437520
213 -249.750600 155.211200 -163.209530
214 121.305300 285.488700 -99.741027
215 139.344300 221.771500 -192.076931
216 -143.709000 260.996200 -379.759465
217 -154.862800 272.155300 -409.326600
218 184.040000 247.333300 -303.140703
219 -158.495900 228.865700 -201.340044
220 -107.349700 294.056200 -172.940543
221 102.593600 330.357000 -283.343909
222 69.675500 167.827300 -245.074997
223 -67.490100 258.036200 -287.193598
224 -235.978300 193.573400 -319.452076
225 -65.916600 270.256700 -323.788946
226 -22.034800 261.426300 -364.788912
227 148.664500 197.131400 -116.602288
228 -309.970300 233.558200 -270.274168
229 -257.038300 220.790900 -214.965705
230 166.583600 325.665700 -431.460691
231 -88.058100 210.180000 -405.447287
232 -19.655600 272.448100 -195.352614
233 49.592700 406.146000 -283.657756
234 -14.634400 289.570500 -335.459538
235 -78.589500 305.737900 -302.746421
236 -85.891100 370.278100 -379.476025
237 52.917100 436.773300 -348.571680
238 124.215800 267.178800 -284.840276
239 -119.782400 242.321200 -311.385095
240 123.799200 229.410600 -314.923926
241 161.924600 -54.527200 -138.820274
242 220.814900 303.960600 -429.693082
243 20.415500 249.970800 -258.515512
244 -476.942400 263.044000 -195.198044
245 -8.073200 225.205100 -240.855336
246 -97.524000 288.248000 -381.447199
247 101.530000 135.759000 -232.404518
248 -292.758800 137.708700 -302.224549
249 275.924300 132.051200 -455.672940
250 -157.278000 273.350900 -296.816950
251 67.222800 117.079400 -339.706242
252 149.991500 144.590100 -175.500105
253 198.970400 229.525400 -314.989639
254 38.543500 248.594200 -485.937480
255 -108.118700 241.140000 -323.488934
256 84.102700 318.617200 -510.286048
257 104.358300 340.975600 -400.418095
258 73.146400 170.707500 -413.728415
259 134.798700 65.224800 -260.982432
260 253.984900 216.343800 -464.060847
261 66.880800 319.971900 -385.557451
262 187.792700 152.930100 -347.094653
263 -60.314600 -10.606300 -315.027340
264 -195.794300 219.211300 -256.515945
265 304.432400 113.554000 -505.072887
266 -83.570900 145.234700 -216.871305
267 180.626000 352.608800 -377.622001
268 -69.154800 235.554500 -261.237304
269 120.374100 81.784800 -319.653964
270 73.326300 167.841600 -305.320788
271 -148.863500 212.783200 -312.111661
272 -118.585400 200.071900 -341.408078
273 18.901700 225.587700 -341.365400
274 -54.752500 317.215300 -446.167086
275 561.969800 122.575300 -332.458121
276 -349.505100 290.370400 -202.092060
277 300.092400 153.708000 -407.560673
278 74.543100 253.337700 -419.699892
279 40.142600 116.518400 -244.937877
280 -142.682400 247.108900 -323.252605
281 -329.603400 221.211700 -263.678982
282 121.830500 308.661000 -340.253640
283 -49.731300 120.587300 -315.139115
284 114.031700 102.317600 -314.573764
285 285.258900 89.940400 -296.729880
286 270.106700 85.457500 -253.622514
287 462.174800 51.472500 -373.150263
288 -47.044000 295.031000 -362.714927
289 68.600300 150.606600 -406.977558
290 320.116200 219.392200 -423.112803
291 -156.616700 131.928400 -379.649651
292 229.243000 168.894900 -400.850597
293 47.211000 202.906900 -414.010309
294 137.126300 112.767900 -422.327145
295 132.244100 301.695100 -300.796527
296 249.211500 357.082300 -367.428698
297 -203.345600 254.715300 -493.410758
298 203.141000 263.123400 -537.592789
299 51.385400 296.992900 -363.302548
300 17.358800 269.319700 -389.023975
301 -34.544000 269.525600 -441.723303
302 85.526500 280.515000 -401.987748
303 244.065400 43.659900 -373.773124
304 330.931600 206.486700 -570.441806
305 25.101500 164.710200 -476.175126
306 -122.861400 229.988200 -391.855844
307 332.988100 106.321100 -373.162377
308 201.038900 233.082400 -329.479526
309 -263.497700 415.530600 -367.496072
310 -16.950300 229.648400 -391.727752
311 104.940900 439.769800 -448.447961
312 100.211900 194.497700 -322.397944
313 -108.060200 393.491400 -386.018830
314 -89.709000 427.391600 -413.659343
315 -92.228900 256.059900 -419.059325
316 300.963600 76.116800 -206.165599
317 -157.420600 204.360100 -359.304141
318 246.831000 255.880700 -234.513818
319 47.002000 340.200800 -336.220092
320 94.649500 123.814000 -413.424102
321 199.781900 96.407300 -368.329331
322 -163.728600 363.527900 -391.955775
323 451.658000 92.405900 -318.959242
324 -100.267300 159.820900 -501.381837
325 -94.525600 323.622100 -435.217200
326 121.534400 36.318700 -544.708143
327 61.963600 280.903300 -338.073106
328 -285.569900 228.245800 -374.527646
329 -406.006400 298.413600 -426.525640
330 276.066600 158.564400 -355.999961
331 152.611900 323.324300 -340.733468
332 94.025600 257.849900 -459.117169
333 -351.136900 395.803800 -352.994208
334 -148.985100 210.579400 -542.964697
335 -5.508700 142.436500 -290.061447
336 -449.575900 166.670500 -274.934814
337 112.992700 340.552100 -245.214358
338 -4.054900 207.198900 -379.025271
339 -59.483300 140.605300 -325.491829
340 20.940200 264.296000 -242.350601
341 197.742100 26.698200 -214.742183
342 221.828900 206.902600 -441.146202
343 423.688400 109.947200 -292.107907
344 -442.223600 307.115700 -286.800427
345 -308.287000 279.622800 -349.397042
346 74.103400 210.800100 -383.772879
347 165.756500 180.477800 -330.519056
348 196.462600 -41.818900 -166.132346
349 164.409200 127.008200 -296.607525
350 -146.759200 162.513200 -217.387333
351 158.762600 103.525800 -408.490090
352 222.619000 124.932300 -205.848119
353 -315.322300 6.176500 -141.800003
354 72.330400 228.863500 -299.930996
355 -83.922700 -16.430500 -203.376192
356 -244.823100 291.122200 -89.441076
357 119.700100 225.128800 -266.571014
358 -156.346000 179.417500 -307.647312
359 175.268700 84.098900 -394.257079
360 -78.995200 179.955100 -180.626996
361 -304.150000 62.223700 -158.082987
362 14.160100 33.708100 -220.081258
363 142.401100 230.745200 -236.598405
364 -136.959200 319.590200 -368.817205
365 265.893100 41.231900 -320.379061
366 -245.663400 13.210000 -227.278329
367 2.165700 133.728600 -226.745218
368 57.070000 175.536400 -307.838440
369 -294.183800 170.272500 -276.949019
370 -238.139700 34.580500 -334.145717
371 -44.529600 187.085800 -229.837112
372 -80.757200 129.747400 -343.908619
373 357.454800 38.337700 -267.658955
374 32.176600 284.878200 -220.706315
375 258.639300 137.733400 -469.394070
376 2.857600 93.398100 -270.503687
377 -461.957300 123.086700 -231.095994
378 47.705600 142.824800 -367.255401
379 -315.096800 324.543800 -405.853981
380 -83.996800 117.107400 -479.891570
381 41.412100 176.917800 -187.350662
382 -184.270200 195.524700 -268.217072
383 293.995100 135.458800 -216.727367
384 -113.725700 257.759600 -121.400608
385 104.091400 285.399000 -338.064613
386 -63.956800 103.718700 -139.906279
387 -203.894000 323.270100 -388.891610
388 102.203800 11.311200 -186.462155
389 340.955000 163.049000 -355.007445
390 -108.789600 229.869800 -127.088241
391 381.920600 -37.727900 -295.279439
392 295.657200 55.689900 -261.315163
393 -101.258700 35.575100 -316.155476
394 -34.795900 -29.794000 -95.826014
395 7.520400 227.809200 -198.804267
396 142.650500 74.056600 -194.578615
397 128.017300 167.236600 -194.531485
398 162.836700 158.538200 -232.785017
399 -167.317900 136.054900 -212.882647
400 345.744300 8.608100 -349.056148
401 1.587500 133.598100 -243.084322
402 -230.794100 53.432500 -223.438432
403 54.297800 402.350900 -476.996637
404 -96.594500 168.668800 -277.898371
405 93.272400 122.529500 -217.061594
406 210.715100 262.573400 -298.329170
407 117.620200 -23.107400 -386.017734
408 81.238000 288.002800 -482.687212
409 65.807200 209.585600 -199.920951
410 211.690900 166.367600 -346.483499
411 165.556400 66.276100 -254.854420
412 -281.423000 194.323300 -396.043158
413 -90.896100 301.579900 -298.035324
414 -74.991100 253.339800 -348.706526
415 116.167800 110.426000 -248.791531
416 236.416500 146.354900 -450.809864
417 157.353000 260.140100 -393.972653
418 -205.364400 135.165100 -343.756123
419 213.781600 117.915800 -371.681654
420 124.238100 231.090900 -454.810592
421 179.075800 165.342600 -342.236942
422 98.603200 158.116300 -276.795484
423 189.746900 57.374300 -235.512387
424 140.247200 137.544500 -373.779822
425 -90.121800 236.419200 -346.669552
426 230.564500 137.780200 -286.916078
427 -141.717700 229.871600 -352.537809
428 -76.019200 139.967000 -312.017071
429 9.634600 152.058800 -214.792430
430 14.438300 348.340000 -529.938294
431 66.546700 249.415800 -295.847580
432 -221.180300 180.297200 -315.738018
433 9.394500 214.840500 -339.801009
434 -340.428900 198.024500 -186.598064
435 -481.942100 183.631300 -279.597938
436 -84.522300 209.948400 -302.938376
437 -68.597300 75.539400 -282.411714
438 110.482200 165.564500 -426.858242
439 -13.092100 280.237900 -421.364857
440 115.478100 73.608700 -308.170825
441 -61.403200 335.662100 -371.140078
442 -170.413300 195.872600 -391.327027
443 288.836800 -32.381400 -475.612363
444 -27.884200 215.097000 -318.141230
445 109.794200 118.544500 -229.639098
446 -136.298800 133.239600 -193.685213
447 210.703900 334.293400 -323.472764
448 -277.429500 187.104500 -43.217948
449 171.196000 301.790300 -308.550711
450 92.134000 -35.094400 -111.817850
451 204.780400 215.849600 -354.384742
452 240.171300 -4.600200 -345.644533
453 183.094700 94.905400 -323.947925
454 23.724400 68.120600 -500.389929
455 -92.547100 129.399800 -233.343081
456 -91.389600 133.658200 -143.568184
457 136.700600 199.693700 -276.721490
458 -58.567900 250.644900 -208.302113
459 -90.638300 509.482700 -326.108325
460 -133.210000 12.240200 -198.397194
461 -269.661800 293.356900 -157.846810
462 -275.998600 87.348300 -237.746576
463 45.883200 105.781000 -179.326197
464 15.643000 160.649100 -197.252882
465 130.067800 111.517800 -262.518271
466 -182.624600 182.947900 -273.429526
467 -71.806700 117.655100 -191.862216
468 146.276100 73.055100 -216.100314
469 349.791800 156.737200 -222.760818
470 -90.436800 7.742800 -194.453215
471 -16.150600 311.081900 -212.918530
472 24.033800 35.257300 -314.153914
473 -332.810600 16.050800 -214.255567
474 -304.020200 337.714700 -394.220341
475 -74.872300 242.778600 -133.880155
476 46.853300 34.400600 -253.977683
477 -90.421100 103.793000 -84.745560
478 291.987500 251.222200 -356.218724
479 35.928400 219.729300 -304.725845
480 93.362100 191.438900 -328.229749
481 272.456800 145.256800 -191.462301
482 -149.396900 195.642400 -182.157240
483 -245.137600 263.764300 -303.481895
484 -96.748500 -73.584900 -164.599186
485 91.188700 18.857900 -191.612233
486 120.999000 -32.164900 -203.538611
487 170.987200 151.447700 -342.519059
488 -476.135200 -108.872700 -126.780811
489 299.876700 73.604100 -300.209931
490 85.236900 -62.654200 -151.170247
491 160.132900 230.034300 -216.938846
492 166.508900 57.148300 -164.151034
493 -105.370500 294.861200 -130.043242
494 -455.436400 318.708500 -160.561678
495 187.769500 181.291500 -403.759107
496 18.739500 68.410900 -227.810135
497 52.656500 273.985200 -311.911997
498 -108.973600 240.612100 -181.498395
499 56.981200 244.951900 -347.658816
500 108.318500 113.265800 -223.719785
501 70.377500 361.987200 -360.974864
502 -258.186500 195.907200 -327.486774
503 -11.450300 202.570600 -379.856174
504 52.711000 105.587900 -341.240412
505 247.523100 49.752800 -319.628596
506 52.223800 213.820500 -291.560554
507 127.098400 368.136300 -217.144514
508 -180.113600 130.553700 -185.546562
509 169.031500 49.947800 -226.086483
510 -102.190600 279.742100 -424.659431
511 122.660600 152.148700 -340.487548
512 -39.446100 266.516600 -410.798867
513 -133.109400 275.416800 -333.005825
514 -74.789800 172.792400 -283.304589
515 -119.406300 186.433700 -420.045006
516 138.704700 96.939100 -279.107010
517 -144.891500 245.683900 -419.488117
518 -144.300200 323.317500 -250.379042
519 -290.427100 200.041200 -117.584592
520 -171.431600 300.332800 -322.550535
521 -22.180500 167.977800 -225.690838
522 312.555900 223.780200 -337.242668
523 -50.875400 201.552700 -287.410041
524 -21.009000 237.591100 -391.132483
525 49.113300 248.933700 -364.007048
526 -10.863900 123.641400 -202.088839
527 -69.973000 261.150300 -244.591458
528 -162.031700 211.480800 -381.047776
529 -73.639000 94.297000 -162.494713
530 74.809000 48.362100 -237.437901
531 273.341800 45.562000 -350.121545
532 299.355000 42.535900 -429.429474
533 276.926400 167.899800 -582.677767
534 -179.275100 154.841900 -360.787512
535 -244.430100 199.449600 -206.579423
536 278.411400 102.645700 -372.967918
537 -104.994800 168.986700 -183.380214
538 338.601000 199.685600 -315.172664
539 226.515000 279.879400 -385.883427
540 -140.136300 78.438200 -211.942037
541 -119.832500 131.731900 -232.583065
542 178.913600 2.962000 -247.485865
543 -406.963900 142.005000 -137.659805
544 10.446300 154.631800 -204.714486
545 201.177200 72.563800 -245.903155
546 107.855600 194.420100 -282.820186
547 -117.596100 243.318400 -184.872184
548 166.065200 155.470100 -284.056032
549 -166.541000 221.902300 -69.766909
550 -30.527300 74.240100 -288.235346
551 54.713000 218.474400 -256.014691
552 -4.039600 124.300800 -205.580890
553 36.212900 367.854100 -234.271796
554 -34.935800 353.884600 -194.483288
555 -75.553700 56.590600 -172.138744
556 72.030100 210.398000 -23.996614
557 -160.652200 260.857500 -223.556255
558 257.916800 246.598800 -242.194161
559 79.590800 314.266000 -365.346428
560 334.174600 178.153900 -287.609084
561 192.249000 183.148500 -351.924197
562 -27.000700 148.671000 -343.337921
563 166.579000 25.760600 -337.796655
564 137.913400 187.729000 -160.982188
565 91.837300 15.488900 -142.370855
566 27.945900 90.271400 -260.344810
567 -107.137500 167.688800 -308.771520
568 197.692500 98.007100 -223.852694
569 110.399400 318.368300 -456.662282
570 56.993600 365.173600 -425.598431
571 119.736300 314.477500 -279.917881
572 91.510100 222.908300 -318.398027
573 258.412900 239.523400 -245.272689
574 44.291400 79.575900 -264.898727
575 -75.858400 77.506900 -290.477038
576 61.248300 178.960800 -377.006812
577 77.388400 106.113400 -284.843159
578 26.508900 221.136000 -345.022500
579 -9.434400 218.785100 -303.814747
580 -147.036100 289.475300 -277.332695
581 -142.426600 348.290700 -362.153342
582 206.988700 256.796100 -370.181223
583 140.039200 134.610000 -477.583032
584 -26.639900 -81.565700 -210.115941
585 37.964100 176.636800 -319.030837
586 315.568200 217.185200 -349.649249
587 -10.369400 193.316300 -240.757447
588 -82.423000 118.341000 -326.169897
589 44.562600 -21.177100 -205.473033
590 302.874300 8.391600 -174.301209
591 -35.650500 157.308000 -360.702567
592 147.956600 202.840900 -274.210486
593 22.441600 298.969000 -326.045175
594 79.407400 117.233700 -220.336842
595 -291.211300 295.689400 -286.605060
596 -121.897600 207.222200 -371.969851
597 93.037400 204.851300 -426.736548
598 -5.306800 53.183300 -319.285683
599 -73.361700 211.561800 -241.111460
600 162.093900 288.285700 -369.548637
601 -10.665300 344.314600 -453.349752
602 266.483700 148.572300 -443.860615
603 47.247000 199.036000 -302.061484
604 263.468700 201.901800 -435.650326
605 -70.345700 223.985200 -329.620917
606 -132.148200 286.656500 -313.407736
607 12.748200 416.049500 -444.931490
608 -62.632400 113.809800 -224.241248
609 59.271200 127.979500 -338.900429
610 -207.699600 352.596800 -372.349392
611 27.004100 230.210900 -183.525684
612 -59.379700 437.617200 -420.197591
613 139.642700 211.764800 -430.949351
614 -2.602700 317.392500 -283.990436
615 31.553400 83.473400 -369.843231
616 -42.101700 194.990300 -243.185115
617 -220.693900 232.602300 -244.131966
618 -49.325500 212.585600 -184.305855
619 -99.877400 253.016600 -374.685656
620 -154.137900 375.214400 -379.709835
621 18.176800 115.133600 -266.454632
622 -154.937400 290.166400 -322.537247
623 177.741300 27.450600 -438.727616
624 -110.020500 316.729100 -345.681868
625 -206.499700 303.392400 -320.402066
626 340.005600 41.982200 -70.070529
627 -73.060300 295.487600 -264.664995
628 49.218200 192.112500 -334.671520
629 -192.950100 212.533300 -316.216460
630 90.058800 249.371800 -288.968952
631 -58.641900 422.123600 -225.776422
632 319.471100 143.379100 -244.423036
633 69.108000 47.218200 -228.689176
634 -56.007200 15.404700 -253.849344
635 328.263600 24.357300 -277.185338
636 -13.062800 200.052800 -181.291404
637 496.420800 158.975700 -365.357781
638 -335.371600 582.590400 -488.168448
639 13.975400 350.649500 -463.703546
640 -255.587600 366.480300 -530.236386
641 104.139800 202.664800 -391.309111
642 110.432300 403.139400 -410.181001
643 -8.592400 163.315000 -463.109088
644 -67.338300 102.067000 -406.724208
645 -193.329700 273.258200 -427.846782
646 3.967800 416.283600 -508.313216
647 176.531400 335.684600 -420.256473
648 -124.621100 289.095700 -345.152086
649 -52.320600 103.068600 -236.487409
650 0.863000 255.859900 -209.178666
651 164.834500 -53.314800 -292.235296
652 -136.776600 289.236900 -431.165361
653 -264.068200 147.902100 -252.795197
654 -249.863600 93.241200 -343.794357
655 122.830900 163.156300 -398.570804
656 49.580900 337.438400 -401.991857
657 -311.823600 253.155000 -443.614770
658 -555.614200 190.068000 -143.636275
659 -232.627500 276.811700 -285.746038
660 -384.643000 277.982400 -331.557902
661 340.497300 170.752200 -292.918619
662 -78.022400 338.201000 -519.566007
663 -369.770000 132.488200 -187.092067
664 -101.895300 362.673700 -461.804530
665 60.750400 359.991500 -209.005934
666 -171.175600 276.088400 -323.316443
667 -67.416600 292.989400 -322.739958
668 86.063400 117.132500 -207.901166
669 -65.277400 19.244200 -204.050525
670 -48.859800 125.674500 -221.383164
671 -185.664100 303.736300 -384.881398
672 101.363100 94.442200 -171.627692
673 171.608200 261.285800 -407.515254
674 -215.748100 196.503800 -332.888686
675 48.997600 358.464000 -178.263878
676 -148.935600 406.696400 -454.009418
677 74.227700 390.753800 -562.387773
678 -58.967300 398.599600 -381.716268
679 189.138800 103.859100 -356.233993
680 240.678800 423.484000 -476.932920
681 -362.033300 425.906800 -475.184703
682 -42.087000 437.516500 -372.643136
683 -207.624600 366.015900 -474.576119
684 -126.834300 316.169700 -467.854320
685 -182.689400 394.512500 -401.206527
686 131.929300 188.756500 -322.281141
687 22.121500 283.441100 -321.371246
688 95.227800 254.439300 -395.808489
689 -756.485100 465.074700 -472.338756
690 76.427700 276.480200 -442.887944
691 77.823700 248.995200 -285.564572
692 -139.370300 471.393100 -377.804911
693 65.127500 416.229400 -445.393357
694 312.785900 386.506500 -427.547717
695 -184.358600 114.893200 -275.993278
696 -278.438900 291.219500 -287.497030
697 -424.489500 289.944500 -369.091293
698 -154.085100 344.001200 -264.078585
699 -155.721700 290.869700 -330.615957
