# Internal Elec VdW
0 179.314100 -77.260400 -306.913895
1 -162.761100 14.794900 -219.763271
2 129.940800 155.417600 -423.340780
3 56.147400 69.050600 -461.171771
4 -235.515400 195.720700 -361.275765
5 28.149600 219.916000 -428.986613
6 -106.425700 148.631100 -345.442129
7 76.244300 128.154400 -259.003704
8 35.725500 225.146800 -427.826992
9 216.230900 283.638200 -268.339047
10 38.234800 147.687700 -340.609444
11 237.469400 210.252800 -351.060744
12 139.211200 72.992400 -219.236246
13 8.575800 135.769100 -256.592830
14 409.468000 -58.477800 -455.163009
15 -258.307600 69.003200 -252.994539
16 161.533300 125.920900 -235.300891
17 -88.015000 153.096900 -352.103646
18 -0.140500 369.699800 -332.123224
19 -198.742800 397.915000 -486.927360
20 -67.885700 332.394000 -452.440776
21 97.745000 236.079900 -435.637978
22 -37.735500 234.332800 -362.447646
23 -136.539600 251.009900 -363.695709
24 98.171300 189.817900 -638.913172
25 0.990200 457.861500 -545.793560
26 109.611600 406.400800 -398.911380
27 90.449300 198.706300 -288.127293
28 251.276700 75.075900 -260.820981
29 -77.133000 -36.617400 -125.091208
30 1.882200 328.572500 -223.106795
31 122.771500 391.575700 -276.915474
32 -226.865900 393.447200 -239.836325
33 -200.739700 310.952300 -334.492784
34 -85.263700 275.635100 -467.289262
35 -169.586700 266.200100 -406.904933
36 220.055800 97.943300 -178.291302
37 35.260600 106.516200 -366.340681
38 -39.863700 213.780700 -288.329006
39 112.126800 103.476400 -287.371472
40 96.165200 226.527400 -316.869771
41 82.093700 164.433900 -496.432741
42 207.536900 122.336900 -186.414398
43 -18.724400 274.770700 -422.660119
44 -15.223600 213.879300 -408.628561
45 433.773500 154.348200 -494.235344
46 -30.233900 138.241700 -473.190370
47 227.199100 268.706600 -354.762808
48 53.193300 27.380500 -371.955544
49 -67.995300 156.982000 -226.247187
50 60.868800 84.522400 -182.786850
51 -106.005100 248.081600 -237.078137
52 -118.345600 106.242000 -228.284424
53 113.094100 225.999700 -317.466150
54 218.705700 194.393100 -356.943109
55 -114.040300 102.270900 -424.877868
56 379.108200 102.931900 -274.998098
57 245.424800 101.504900 -322.147503
58 93.723300 94.364200 -261.132675
59 -195.681800 145.647600 -183.446178
60 -122.947200 306.647000 -418.873982
61 -0.875200 172.775700 -415.300608
62 104.027300 232.286400 -311.101266
63 213.283900 50.104200 -247.538862
64 -194.048700 442.697900 -374.525852
65 303.884000 223.686700 -562.569558
66 108.477600 470.866100 -662.212750
67 -124.469800 419.526300 -564.575967
68 14.590800 354.837000 -554.040117
69 -33.182900 223.121000 -365.124374
70 -159.436000 282.980000 -124.427205
71 29.132100 431.287400 -516.477438
72 13.220800 170.077000 -289.193911
73 492.876300 274.337800 -534.373246
74 315.478800 349.325500 -365.930909
75 105.495600 160.668800 -386.102192
76 118.267100 201.855400 -232.287146
77 150.773800 272.621600 -467.178449
78 -47.246900 257.430700 -648.500881
79 161.061900 16.680700 -208.779122
80 45.640900 365.088200 -414.400250
81 -173.306500 273.426100 -390.103482
82 76.159700 377.684400 -360.717993
83 -31.256200 282.833500 -561.350563
84 270.302100 120.937900 -452.201608
85 216.449300 182.106400 -496.754286
86 -1.920400 256.700500 -404.646679
87 390.849200 308.975700 -488.175209
88 57.638100 -12.356200 -379.789560
89 39.479100 262.304500 -458.216878
90 358.252400 218.830100 -406.025244
91 322.277400 258.115900 -526.653654
92 208.360500 399.597600 -632.027077
93 -191.344000 457.785100 -605.478903
94 -115.326100 717.135300 -645.141068
95 135.609200 278.795500 -370.318618
96 144.971200 349.625600 -482.826543
97 260.679400 267.579100 -491.740976
98 253.172500 207.545100 -457.561247
99 176.891200 219.771000 -504.694391
100 -52.468600 367.440400 -501.214349
101 -148.748800 373.521500 -420.223345
102 222.234800 276.031600 -350.600945
103 308.876300 61.002100 -319.648024
104 69.049800 151.737400 -266.917462
105 74.435800 316.742100 -298.471304
106 3.558300 234.186900 -358.466022
107 185.379600 306.172500 -450.353454
108 -201.623800 335.035800 -449.615691
109 142.216300 81.781600 -301.362479
110 -91.635600 278.786300 -283.098320
111 313.790500 121.943400 -395.835768
112 -2.657600 130.140900 -349.262898
113 268.507200 271.653900 -466.558731
114 -122.717300 376.520100 -545.328297
115 273.206000 33.764400 -379.082589
116 -53.111100 335.268600 -374.193689
117 -84.378400 224.111600 -457.691795
118 -100.644400 276.538600 -404.707464
119 -71.605800 465.432800 -470.334166
120 -46.513100 65.845400 -322.500911
121 5.109700 189.204400 -416.332389
122 -109.160700 394.771400 -397.019772
123 -68.301700 402.170500 -674.621585
124 -32.485700 305.189300 -494.872547
125 -176.495000 284.725200 -421.162993
126 162.429700 285.778500 -647.061779
127 -169.807600 119.822200 -335.890636
128 169.553500 452.948600 -493.260796
129 -10.333000 239.992300 -544.995162
130 -66.695200 325.561400 -476.740781
131 -157.382800 312.696800 -392.242115
132 -33.178400 198.960800 -324.679687
133 275.517600 133.490400 -488.777499
134 0.886200 390.619600 -342.759542
135 59.249100 396.028700 -515.906261
136 -223.442600 426.091700 -389.409464
137 -106.055100 267.186100 -326.409891
138 140.514000 228.596800 -177.618526
139 168.573900 320.621900 -515.594390
140 3.328200 309.730100 -338.874223
141 -213.525800 294.590700 -288.370014
142 -370.028600 488.729400 -445.888463
143 279.275700 437.529600 -421.839907
144 165.632700 251.607700 -376.292747
145 -162.592100 293.711900 -284.717731
146 124.829000 195.108200 -332.049001
147 -63.371600 360.459600 -461.817163
148 94.849300 414.588600 -520.599966
149 -34.054600 378.334600 -422.078535
150 -137.927100 326.336600 -356.087415
151 36.794600 344.487000 -549.806681
152 23.638300 233.184200 -302.790362
153 -245.863700 177.324800 -445.175486
154 265.489200 295.090500 -568.943392
155 30.214700 396.042100 -630.457920
156 -89.258100 414.956800 -666.787877
157 146.921100 236.428900 -619.602541
158 -3.745200 93.790200 -500.723035
159 109.386700 362.278300 -621.409980
160 -20.032900 299.834100 -334.129617
161 149.946100 260.628500 -535.552422
162 236.746600 304.766400 -506.900355
163 -156.182200 350.128000 -430.574613
164 -65.375800 89.562500 -384.120495
165 7.509900 427.240400 -447.873371
166 272.833700 460.211600 -441.702754
167 228.563800 581.398400 -677.766937
168 -269.054200 253.710300 -537.974166
169 -6.290400 -39.044600 -421.869335
170 143.800000 362.209800 -652.070014
171 -64.132700 350.692700 -295.846934
172 74.029400 266.079700 -326.915092
173 25.857100 170.749600 -375.605679
174 91.158000 326.107300 -499.236957
175 -287.573300 462.751300 -361.694572
176 145.585700 179.938000 -467.485075
177 -78.233900 280.862300 -371.901030
178 90.714200 71.667800 -406.439166
179 119.379500 314.302200 -439.003524
180 97.277500 345.833900 -481.982300
181 -144.344800 296.032600 -338.911901
182 -158.194700 181.094300 -341.703397
183 8.055300 215.719700 -208.807293
184 299.051900 151.044700 -405.915531
185 -72.411500 160.556700 -251.550588
186 311.090700 155.374200 -350.886926
187 147.219900 261.067200 -216.753099
188 4.652500 321.611800 -328.784743
189 -119.498700 192.427000 -161.972283
190 -225.212600 360.645300 -252.015130
191 200.109600 248.983400 -364.183567
192 -171.380000 273.387700 -254.044761
193 -226.924800 116.076000 -96.736752
194 48.461300 333.152300 -395.479907
195 323.946400 138.259100 -305.288725
196 -67.819300 266.385900 -323.519806
197 122.615100 250.059400 -316.533486
198 62.257300 242.072700 -220.244026
199 190.812200 215.662700 -353.354350
200 89.592200 119.132600 -318.023080
201 -87.803700 282.172100 -284.177390
202 103.099300 267.987600 -288.575624
203 -238.290100 228.966100 -400.046916
204 360.053500 137.803300 -278.491377
205 -282.539100 322.200400 -237.609076
206 208.833400 341.512300 -388.953020
207 49.304500 216.061800 -102.552462
208 286.543100 391.756100 -352.500032
209 73.529300 96.223700 -279.507298
210 -143.079900 361.123200 -281.200283
211 -74.758600 113.373500 -97.438274
212 -113.537500 226.326300 -260.583207
213 -108.239300 118.768200 -226.169646
214 244.041300 268.318400 -218.367794
215 68.426300 249.135400 -234.214218
216 -117.297400 205.369900 -291.623305
217 -34.011200 349.589100 -429.754244
218 -17.798400 533.628600 -326.932517
219 98.789600 170.528600 -364.365651
220 287.464300 277.410900 -203.217339
221 108.065300 385.662000 -394.909762
222 -90.564600 440.565800 -232.194532
223 1.185000 395.399400 -444.538027
224 -53.603400 161.388900 -342.067622
225 107.439500 282.686600 -237.601397
226 66.595700 267.843300 -451.430122
227 81.972700 348.114100 -270.080464
228 74.115000 443.607900 -539.933011
229 174.406400 218.900000 -297.871512
230 36.380900 245.940600 -453.726976
231 -267.325600 170.098600 -463.323979
232 156.420800 414.459800 -366.190142
233 152.135800 407.849400 -245.158870
234 -99.051400 291.399100 -345.848921
235 218.255200 387.186300 -532.581569
236 -191.281600 373.420800 -473.103109
237 353.719400 285.166600 -304.087948
238 128.151700 279.335700 -209.756962
239 219.278000 220.913000 -406.765125
240 107.096300 234.745500 -281.951077
241 370.656400 24.738500 -268.958720
242 226.110800 365.870700 -518.571554
243 -91.270400 298.868400 -337.391817
244 -113.715400 275.080500 -458.693106
245 -89.800200 440.682800 -397.619559
246 -232.002500 264.035900 -448.601358
247 4.693400 185.935000 -391.132793
248 245.571600 107.633800 -227.853828
249 33.412500 61.161000 -343.479270
250 -311.761400 272.492100 -364.833702
251 24.653300 288.722300 -379.289367
252 -166.110000 247.788000 -316.241303
253 355.524700 166.249300 -364.366559
254 83.963300 398.520600 -603.533515
255 -19.114600 203.395200 -446.965123
256 -154.878600 392.148800 -556.133737
257 384.457700 379.262700 -469.906115
258 105.788000 169.620400 -483.963488
259 4.600600 218.921400 -471.284501
260 447.893400 229.717100 -526.564814
261 147.058800 291.759800 -559.353803
262 187.462500 242.255100 -413.565006
263 -175.966000 181.350800 -436.779016
264 -74.062400 85.581600 -268.869806
265 -116.912800 225.930600 -530.801472
266 162.280700 89.855700 -278.755663
267 141.657100 412.286700 -417.557728
268 -10.357400 467.804400 -431.768020
269 105.166900 153.440200 -248.629944
270 212.849700 148.972400 -330.652016
271 -26.367700 167.890900 -283.539110
272 153.614600 239.863100 -380.893492
273 27.379300 264.883000 -374.083710
274 71.055100 214.025100 -459.003283
275 327.334600 209.199200 -430.071260
276 -104.056500 168.683500 -305.608931
277 256.289600 175.786300 -416.277705
278 78.813300 214.439600 -392.085629
279 324.899900 53.337700 -381.536741
280 138.262400 139.307000 -427.994810
281 -112.983400 177.084300 -337.080941
282 9.057100 425.594200 -524.692644
283 21.100500 209.656900 -486.801530
284 53.971700 168.519500 -504.480174
285 374.790800 150.735400 -387.230474
286 281.953000 156.699100 -394.748117
287 107.997400 268.926200 -615.902247
288 182.779600 323.748100 -345.949788
289 144.850800 223.593900 -567.969644
290 256.788800 136.281400 -549.547284
291 -104.692100 282.447500 -418.696716
292 206.916700 172.657200 -602.950849
293 -55.640400 209.221200 -362.680889
294 -23.184800 204.816600 -417.858970
295 -151.078800 205.534600 -251.800173
296 374.605300 222.661400 -377.874714
297 162.858600 260.064500 -408.874628
298 -79.502600 233.952800 -547.664865
299 22.781700 351.777400 -306.841033
300 38.174000 395.899500 -489.493580
301 -115.107100 397.931000 -620.700610
302 75.481200 434.187200 -555.572336
303 378.090700 201.581600 -410.244486
304 234.803600 26.679500 -329.769510
305 332.557900 185.726400 -328.547942
306 -23.770600 158.255600 -302.626040
307 319.834100 176.589400 -472.245550
308 -48.082400 336.284700 -394.814045
309 -144.113300 282.549300 -379.056058
310 188.309400 263.696000 -535.634772
311 -141.896200 422.482200 -572.857448
312 104.319300 232.342400 -318.931442
313 -98.373100 215.607100 -357.496159
314 58.088600 271.916800 -493.445619
315 10.648300 322.095800 -560.559850
316 -41.355100 237.029800 -521.755661
317 -24.981100 270.472400 -478.602200
318 183.121100 248.234500 -359.373422
319 60.530800 306.301700 -365.006800
320 -26.996500 270.250300 -460.111234
321 151.838900 102.853400 -348.108298
322 69.414800 171.123700 -437.997695
323 409.163000 103.481300 -318.024587
324 -87.228500 193.096500 -541.954428
325 150.423300 264.092700 -351.735854
326 110.730400 53.976700 -413.468433
327 66.705600 296.033700 -347.962940
328 133.038600 233.241900 -440.106481
329 -184.890800 311.937600 -382.179767
330 73.036800 309.306400 -329.344435
331 68.651800 199.091700 -329.015691
332 -59.144800 160.384800 -385.416729
333 -134.519700 306.125500 -458.194707
334 -114.099500 283.567700 -662.152715
335 -89.237000 292.209500 -417.392194
336 -206.428300 37.997000 -429.759801
337 52.310400 115.603500 -333.550001
338 -33.645200 -73.904400 -332.661438
339 -7.442400 225.887500 -427.815728
340 -235.152600 226.752200 -156.831629
341 -50.826800 58.298500 -362.173032
342 135.874800 281.489300 -475.187370
343 202.112500 259.587600 -467.596700
344 -22.850700 259.292800 -355.149233
345 -40.176000 287.384900 -368.432160
346 62.100800 520.713600 -521.507215
347 83.429300 256.541100 -436.782301
348 256.462900 -33.786200 -276.503066
349 -115.082800 121.399500 -386.020421
350 243.582500 119.756800 -481.472112
351 163.083500 -1.741300 -364.321472
352 244.926300 166.376100 -632.380649
353 -21.181400 257.811900 -282.436792
354 -173.561900 384.466600 -513.935325
355 151.933000 146.365700 -461.178916
356 260.073700 198.496200 -297.683018
357 145.780700 201.818400 -555.792852
358 -11.010600 245.522300 -553.041017
359 151.912800 180.535700 -559.114721
360 225.733600 198.814000 -444.412034
361 -48.153500 -69.393100 -263.520426
362 130.660700 133.945400 -385.604325
363 309.743400 255.485100 -462.788434
364 50.109300 394.148800 -542.445911
365 239.600400 132.787500 -447.503565
366 -46.265600 165.321900 -340.205460
367 228.376500 58.662800 -282.197522
368 -133.889700 153.567600 -230.555184
369 -352.945200 304.770600 -372.421436
370 -34.054900 140.964800 -484.513351
371 241.041700 383.155300 -407.972023
372 -145.058600 167.712300 -339.514621
373 265.369200 108.674100 -448.891465
374 171.910400 312.452500 -373.236439
375 157.457600 2.925300 -471.194767
376 274.393400 146.887600 -387.569829
377 -307.148800 52.483700 -263.990729
378 249.286300 153.006700 -521.652456
379 -55.458100 292.424700 -517.116135
380 -285.663900 202.505500 -536.161388
381 102.941900 276.564200 -498.260526
382 -326.172200 207.192100 -463.981861
383 113.043900 292.120900 -439.303406
384 -15.700200 213.206900 -232.889210
385 44.164200 316.288800 -402.478068
386 -73.692200 243.605100 -387.919718
387 -164.714300 186.102900 -528.282344
388 34.500200 69.242400 -180.493529
389 348.328900 196.483000 -453.160022
390 41.819100 141.248900 -219.498600
391 359.011200 56.606200 -423.617367
392 164.991000 179.766200 -408.652387
393 -136.954700 186.047500 -453.214036
394 -52.147600 83.929300 -253.439960
395 41.276600 78.872700 -155.232350
396 52.097500 247.575600 -273.171321
397 50.269100 4.691800 -315.962019
398 5.758800 198.361600 -200.584248
399 327.787500 -28.128900 -317.371109
400 497.225700 73.688800 -424.548581
401 23.894200 186.396100 -354.590158
402 1.625000 232.826900 -426.386962
403 19.072900 239.000500 -617.844888
404 160.003900 259.332300 -438.132584
405 69.288200 57.461400 -258.332672
406 -5.053600 246.713300 -451.353120
407 63.449200 77.554200 -292.067586
408 63.087600 226.190100 -592.027702
409 191.243600 223.530700 -349.718698
410 -178.719100 275.007600 -345.065365
411 65.527800 118.932900 -269.619564
412 -84.982600 113.019400 -310.815816
413 206.509700 192.079300 -302.283164
414 197.825500 136.347900 -310.569253
415 -55.044600 107.362100 -149.289936
416 317.935000 84.517000 -355.088418
417 21.126500 3.276300 -241.239359
418 -95.124800 -124.450000 -296.489278
419 118.783600 -8.387100 -305.108477
420 183.255300 143.206900 -250.996168
421 239.719000 141.946500 -344.692220
422 -63.243600 -24.249900 -314.233000
423 170.746700 49.857900 -214.581517
424 -61.135700 177.057400 -261.792388
425 -67.145500 124.327000 -376.261946
426 364.974900 -63.769500 -164.195732
427 -159.918200 321.518300 -403.826349
428 157.907600 75.332500 -325.161428
429 -39.153900 77.536700 -198.511347
430 -206.290800 270.049300 -297.057400
431 76.270300 149.557100 -238.849870
432 -114.227500 290.312400 -354.212974
433 87.962200 149.875100 -275.967765
434 -213.822600 87.497500 -134.556783
435 -210.010300 105.866100 -448.089018
436 -15.141900 97.328100 -272.227425
437 -138.072200 101.329500 -376.157538
438 139.229300 100.489900 -434.692360
439 200.862900 180.131200 -457.004950
440 152.498500 -143.619900 -331.924590
441 13.778400 286.026100 -310.005986
442 57.494800 151.216600 -440.461690
443 43.579600 -54.748900 -373.458069
444 -142.050500 78.889000 -224.149333
445 201.682100 -60.026300 -326.439256
446 -191.819200 186.103000 -336.812899
447 -205.039200 255.237800 -421.697267
448 -282.163500 161.089100 -242.507557
449 89.935600 109.513000 -332.616298
450 -128.894000 -49.137600 -373.663664
451 17.117400 122.214100 -278.351492
452 92.441300 -59.808400 -424.425238
453 166.238200 -2.393100 -412.929086
454 250.348900 -35.975300 -388.224110
455 -188.092300 307.394600 -324.032457
456 117.728400 188.532700 -100.773280
457 119.762500 1.480600 -328.232551
458 49.179400 220.889600 -285.613514
459 -3.361800 325.055900 -472.086188
460 -142.818300 111.735200 -259.747857
461 -307.641900 372.359800 -357.828759
462 -260.648900 325.887600 -416.630361
463 -58.253300 84.607400 -353.247804
464 96.373300 247.899400 -366.207772
465 193.515100 33.882300 -230.249547
466 6.221700 22.195200 -235.359560
467 -172.814100 219.466700 -307.068616
468 18.939400 146.456100 -325.453323
469 25.035200 225.082600 -381.052625
470 112.758700 -14.409200 -260.593273
471 113.110300 201.961100 -135.005306
472 -96.936800 88.478500 -297.851334
473 -224.328600 124.664600 -220.157486
474 -73.906800 278.411200 -292.538596
475 38.766600 67.091700 -182.515304
476 258.460600 131.888800 -421.956392
477 -82.945300 207.939900 -131.191765
478 230.167300 177.471700 -375.076990
479 -64.109200 146.604100 -312.743863
480 -5.182400 171.388900 -429.007933
481 253.441500 150.316100 -183.138283
482 24.964100 319.690100 -411.849072
483 14.146700 197.572200 -399.801934
484 -96.777700 54.353700 -313.599398
485 -223.755500 -37.672700 -309.607103
486 96.110100 114.467900 -462.683374
487 347.733400 273.265600 -539.959117
488 -102.308500 272.548300 -413.755779
489 368.356200 256.217800 -438.721881
490 148.772000 179.999700 -327.180032
491 228.116200 491.889600 -384.781888
492 71.540000 206.052400 -270.762647
493 -210.428600 368.152000 -342.944684
494 -519.374400 403.872200 -359.718282
495 201.414000 242.089400 -430.171892
496 292.800300 193.524500 -492.709782
497 153.344700 232.956400 -373.396005
498 23.657400 274.897400 -352.607640
499 122.633200 182.517800 -449.809780
500 -83.029100 190.440600 -295.859572
501 55.333300 406.253300 -330.660976
502 -91.143700 152.743500 -311.593210
503 59.228100 295.182400 -473.118819
504 -46.695100 176.836000 -395.338085
505 14.648500 216.175200 -304.796328
506 161.793000 238.421600 -276.561256
507 42.337900 389.093600 -304.853805
508 -21.351500 96.776600 -187.637774
509 71.925700 233.916900 -430.915497
510 -209.298000 203.023600 -367.174948
511 129.971600 188.568900 -393.083590
512 197.284500 157.665800 -431.345542
513 -110.252000 113.215200 -313.825244
514 162.596600 116.654900 -301.210710
515 -126.349800 129.309300 -318.979581
516 220.510100 129.426200 -284.006920
517 -60.604000 95.717700 -413.793410
518 -152.309200 139.295900 -260.796623
519 -17.763000 48.209800 -217.737883
520 -153.515000 237.778700 -301.628089
521 55.678200 285.172400 -446.181018
522 -4.116600 371.403100 -422.984284
523 -66.104300 224.806500 -367.234328
524 77.724300 374.082300 -624.061999
525 -64.289600 184.121300 -394.237078
526 33.443200 177.535200 -391.574386
527 36.754300 178.824600 -388.339621
528 -25.148500 340.522900 -366.812351
529 -87.097900 211.453600 -302.394668
530 -108.057200 393.724100 -369.744073
531 153.851200 151.107700 -463.748778
532 346.755000 115.522200 -293.360574
533 -9.862400 213.403800 -523.322745
534 -62.037300 36.534000 -186.903281
535 46.419700 124.826700 -335.808023
536 -7.940300 135.898500 -399.059450
537 46.582900 223.879500 -276.622976
538 153.074000 380.122600 -413.368644
539 271.095800 255.994000 -461.578258
540 -39.985500 101.120300 -307.820257
541 -304.923400 200.832300 -363.730522
542 140.305600 229.852000 -408.254403
543 -239.986100 217.035500 -372.522301
544 337.197200 197.390200 -374.550747
545 45.359500 173.290300 -263.416223
546 129.133400 191.729800 -423.975887
547 80.105400 162.549900 -323.931836
548 142.005200 47.839500 -282.350918
549 73.778200 259.678200 -200.483446
550 -109.637300 183.704400 -360.001925
551 67.003300 392.387300 -338.479622
552 76.435800 30.365500 -195.327190
553 -48.098400 297.971500 -311.766208
554 -121.057100 187.471300 -274.543954
555 -96.708300 148.854800 -212.497374
556 80.877700 210.409600 -220.146188
557 6.145900 132.382900 -269.296087
558 35.780100 241.334200 -329.420046
559 -0.552600 220.401900 -337.821258
560 183.723800 104.116300 -290.195087
561 162.904000 159.258900 -206.751639
562 364.699700 77.023000 -332.585409
563 -87.593400 186.482600 -231.230149
564 6.845200 71.128400 -141.822731
565 151.313600 92.398400 -324.101726
566 152.797500 -52.971100 -209.640932
567 49.570800 210.820300 -412.349846
568 -9.329700 55.504400 -193.815594
569 73.102700 321.637500 -423.331931
570 -59.321400 279.236500 -310.323113
571 -69.108000 237.007100 -294.571616
572 -159.964900 187.085700 -269.828060
573 327.051700 88.286100 -324.964914
574 224.846100 -13.225500 -294.073095
575 -97.802400 87.108600 -293.989880
576 29.150100 194.215800 -258.898659
577 12.974800 11.419400 -412.187992
578 32.543800 242.384100 -337.035949
579 -136.030300 230.619900 -354.778961
580 20.349000 363.146600 -363.493683
581 72.619800 185.133700 -414.387531
582 32.921600 217.816300 -349.540671
583 290.135600 25.298400 -407.786083
584 -13.947600 -10.000600 -226.006168
585 168.625400 108.845300 -506.266634
586 15.409300 233.623000 -418.460559
587 -74.394200 119.555400 -353.008103
588 19.795500 -13.891100 -268.015609
589 77.355400 87.600100 -458.333578
590 -51.731000 -23.763400 -200.164736
591 163.103400 118.428400 -553.073268
592 309.007400 187.435000 -359.301032
593 213.249200 109.058700 -169.979230
594 87.943300 73.045900 -355.575554
595 -115.426300 244.446700 -418.523616
596 -297.857300 246.872900 -402.982439
597 -46.005600 147.314700 -235.134288
598 93.929600 34.835100 -390.197141
599 114.307300 72.216900 -198.876810
600 0.563500 285.285800 -332.301558
601 -205.831100 214.595700 -416.930905
602 -26.536200 155.566800 -435.522595
603 330.842900 149.651900 -265.004922
604 181.790700 52.580400 -290.169657
605 -298.193900 49.366500 -228.652328
606 80.597700 264.640800 -255.928752
607 -207.372500 305.318700 -297.354450
608 97.763600 75.681800 -217.046663
609 -150.712500 202.434400 -339.711641
610 65.962700 399.075800 -309.493345
611 2.862800 149.086200 -226.124154
612 -1.408100 167.411400 -261.461002
613 125.942400 205.685400 -357.930007
614 -49.944400 353.692600 -294.668923
615 334.952200 119.516100 -434.402745
616 125.915500 122.069800 -156.875371
617 -400.400200 136.177800 -62.893716
618 77.764900 191.227400 -308.646969
619 23.622500 219.611600 -420.422987
620 -109.036700 282.431800 -336.111488
621 52.208200 -24.755400 -294.438945
622 -257.446800 206.776400 -149.449257
623 196.326400 -26.313700 -384.982339
624 -213.960200 254.916100 -175.744976
625 -443.978800 217.829100 -122.122080
626 235.522100 64.304100 1.352947
627 -54.065500 202.192400 -118.872488
628 178.585700 -2.767900 -177.767367
629 -283.393100 159.534300 -234.885431
630 -153.467600 256.676700 -270.927331
631 60.380300 257.330700 -259.516595
632 284.261000 279.722300 -239.161105
633 -357.463200 41.677700 -254.290751
634 371.753900 177.435100 -431.624102
635 256.741700 -41.744500 -212.729823
636 91.115300 247.349300 -188.095417
637 238.573600 287.044700 -434.363706
638 66.028500 210.194600 -378.423206
639 -94.599500 267.221300 -437.159737
640 -258.250300 281.088000 -502.657927
641 79.342100 160.699900 -324.301961
642 -101.447500 312.516100 -307.310241
643 205.729800 14.949000 -237.682519
644 39.679500 178.747200 -428.115199
645 140.288900 16.546800 -234.566321
646 15.110500 220.743200 -318.747099
647 -10.397100 530.131800 -417.013219
648 -181.710100 216.515200 -278.317499
649 272.043600 -74.270800 -255.514610
650 -57.618800 198.885600 -175.745578
651 430.218200 -38.982100 -121.765055
652 168.610300 116.217000 -367.065841
653 165.470800 254.979300 -277.928645
654 -159.050000 68.041100 -265.515385
655 -152.951300 171.560800 -421.234843
656 9.884500 336.550500 -405.446886
657 -275.526200 120.392300 -382.287530
658 -613.852200 291.304100 -194.387449
659 -59.883500 168.188000 -355.493920
660 -28.593800 290.334100 -458.466517
661 119.329500 124.294200 -177.957284
662 -169.866000 244.028400 -369.911080
663 -264.545800 147.464800 -213.544886
664 81.822300 517.744000 -556.911651
665 484.779400 278.919300 -279.220342
666 -53.739900 149.300700 -215.181874
667 -95.468000 214.283700 -287.746877
668 219.701400 204.866900 -192.565758
669 163.144500 154.069100 -149.054740
670 -31.122500 225.247600 -463.788766
671 129.110700 470.644100 -476.628217
672 99.110400 292.542700 -358.690971
673 373.281800 172.318700 -348.916802
674 -171.573300 86.947000 -317.742611
675 207.413300 214.434700 -365.985372
676 6.400700 205.709200 -284.471406
677 2.526700 286.622000 -497.642125
678 -166.180700 260.059400 -396.086160
679 92.926500 258.657500 -398.757315
680 -86.426300 266.278500 -345.716843
681 41.403600 64.301700 -336.578528
682 -269.411900 351.582300 -301.975642
683 -489.576300 230.488000 -415.227389
684 8.791700 216.891000 -296.484187
685 -346.677600 190.065100 -315.332475
686 -129.710100 207.357200 -260.581704
687 -42.994000 362.076900 -353.154618
688 -416.633900 279.210000 -380.502211
689 -295.162500 304.749100 -309.455794
690 -232.680800 207.870500 -448.942935
691 73.626800 199.137500 -365.203660
692 338.472000 190.370900 -315.381927
693 89.298500 194.461700 -341.471666
694 -38.313700 263.825200 -419.616000
695 9.149200 111.274200 -272.287065
696 -367.749500 359.269900 -228.496276
697 -116.015900 168.141800 -392.061624
698 -26.848600 228.782500 -341.769755
699 99.638200 116.050900 -241.662526
