# Internal Elec VdW
0 -332.826100 60.891800 -336.640964
1 -3.142000 -94.178200 -156.173290
2 100.540600 120.428400 -235.031235
3 89.761100 -74.914000 -235.283567
4 -106.419300 100.313700 -251.835916
5 -40.917600 182.807200 -195.839748
6 -171.036800 72.923000 -216.004267
7 228.339400 -35.115400 -168.119896
8 171.077000 61.383900 -233.294402
9 -107.040400 7.405000 -93.590734
10 -134.712700 133.482600 -106.350418
11 105.977400 106.250500 -204.583637
12 81.604600 -75.546300 -131.751323
13 -123.707700 134.398400 29.657759
14 41.507800 -216.668500 -246.395262
15 -235.805200 -92.137700 42.295478
16 159.256200 -221.562900 -83.261400
17 -103.872000 12.247400 -229.894574
18 -30.781900 36.908800 9.210658
19 -56.769200 225.606300 -299.887303
20 158.477900 144.274600 -83.768074
21 -166.388500 27.374400 -74.850870
22 -118.257200 190.130800 -232.456105
23 -193.118200 153.177800 -151.144315
24 -32.521800 -103.139500 -191.697960
25 -107.498900 172.343100 -245.201943
26 180.984600 -3.103100 -201.588628
27 163.775100 -22.169900 -23.489763
28 14.033100 -12.487100 -205.847574
29 151.899300 -102.798900 -3.799944
30 92.664900 282.761900 -305.767840
31 40.981100 99.214900 -134.348787
32 100.693900 65.540200 -208.255313
33 -221.414400 245.421100 -171.647050
34 3.690400 324.238000 -319.847464
35 -350.633600 93.705200 -32.860166
36 69.803000 34.544800 -103.529302
37 -32.255100 138.717600 -292.978391
38 -220.397700 258.252900 -144.611675
39 283.017500 -91.829200 -17.501053
40 95.967000 46.464300 -44.546572
41 -20.076700 -37.558000 -222.694428
42 116.888800 -24.080500 -17.767354
43 390.870000 -11.592200 -190.863388
44 98.924300 125.323100 -296.182442
45 121.312300 213.777700 -275.581984
46 -155.817700 103.520400 -111.135945
47 272.808700 199.700900 -66.710508
48 84.881400 -8.758500 -104.296388
49 63.354200 -30.973000 122.467161
50 364.346600 40.694500 -58.874780
51 229.454100 45.650000 -6.595701
52 -125.524500 40.727100 -2.626046
53 48.451600 -17.331800 -25.604821
54 392.884800 88.760000 -222.828033
55 -164.127700 -24.947700 -108.676512
56 113.593200 -108.466500 -67.503732
57 147.363600 -258.032400 19.891286
58 164.940900 -12.492100 -64.119646
59 266.151200 -120.326800 6.449527
60 -83.700300 -43.887000 -63.114295
61 15.198100 -127.342200 -138.351640
62 28.133300 -208.041600 98.725252
63 291.863700 -116.911700 -75.612645
64 -131.624300 105.546200 -61.667790
65 336.391000 39.076000 -198.011533
66 150.407000 310.726000 -344.584943
67 -92.752100 156.683000 -231.295852
68 -114.168400 111.169900 -107.465161
69 91.427700 169.119200 -135.272309
70 271.682800 71.153400 84.784745
71 -320.091000 315.919000 -222.014970
72 44.490000 22.116500 -41.075561
73 365.126300 56.922700 -208.533232
74 56.328000 235.727900 -142.969860
75 -42.137200 192.662400 -126.281893
76 18.818400 135.930400 -176.929983
77 53.340700 11.668000 -130.899408
78 15.848100 124.201500 -368.124499
79 57.477000 54.577100 -4.087700
80 380.222900 215.519400 -209.772525
81 -231.665800 285.037000 -382.653921
82 195.814800 93.670000 -197.838351
83 -125.307300 99.271500 -156.338696
84 72.144500 -68.798900 -153.884165
85 -108.862900 19.383000 -169.633833
86 116.810800 196.244700 -139.346558
87 48.264700 248.662100 -152.294955
88 187.266900 -171.483800 -11.085563
89 -64.426000 -62.973600 -25.264019
90 139.408900 43.453000 -77.252329
91 143.775500 39.662000 -340.812677
92 49.595100 -8.247300 -284.820035
93 -210.089600 329.467300 -398.868164
94 -143.568200 438.138200 -292.201124
95 29.703000 120.153200 -245.246914
96 115.632700 2.102400 -106.384502
97 123.557000 3.247000 -61.518179
98 -70.647200 63.182100 -124.300741
99 136.873400 87.880900 -219.945176
100 145.611000 146.663400 -154.279561
101 -115.953200 163.676300 -201.147853
102 117.681600 102.660400 -235.929751
103 145.867400 -2.174100 -215.829954
104 -133.417400 221.994000 -146.147518
105 127.076200 67.024800 -165.406354
106 138.556200 2.676000 -132.086248
107 -125.969800 336.461400 -273.935980
108 -5.017200 126.901100 -145.229934
109 -64.305700 37.862400 -130.900406
110 128.240900 16.785700 -206.414104
111 260.504500 137.714000 -251.111554
112 10.180900 -34.286800 -239.973548
113 60.346400 96.891800 -329.094235
114 -268.764300 200.885000 -213.201190
115 205.753000 -139.871600 -151.792359
116 17.196600 184.352700 -295.903958
117 -45.197500 -60.101500 -213.726623
118 39.105500 -6.412700 -237.792847
119 0.802200 312.865800 -336.867242
120 -27.736100 24.778500 -363.519539
121 184.976700 127.674700 -158.561607
122 -179.635800 159.977900 -137.955896
123 33.587200 175.145800 -524.815554
124 204.752700 219.359800 -392.387844
125 132.107600 -6.116600 -251.683844
126 -108.099100 187.520900 -579.066723
127 54.123900 131.499200 -293.615021
128 117.662000 329.121900 -507.020125
129 143.300900 259.211300 -499.820909
130 44.012600 167.382700 -269.864828
131 31.063200 283.481000 -328.556976
132 99.506900 371.420300 -255.122758
133 -97.452000 235.771200 -188.311250
134 25.651900 338.668100 -318.156449
135 -51.212200 250.164500 -242.098251
136 -339.931300 244.107300 -60.470105
137 16.013400 149.131600 -249.875865
138 -35.087600 215.376400 -170.447869
139 272.239900 219.826800 -225.647348
140 -178.238400 151.069900 -246.299613
141 -116.789000 163.267700 -150.697694
142 -280.476300 409.348500 -355.623808
143 166.451700 377.174600 -291.673196
144 -126.187600 136.026700 -257.291311
145 282.258000 8.894800 -77.758960
146 129.770400 92.262800 -106.337521
147 -19.958000 331.839300 -303.761176
148 -438.315000 169.048000 -127.145302
149 -199.516800 89.860400 -152.943875
150 -1.725900 253.524000 -200.617870
151 -2.511400 208.455000 -328.442057
152 -28.568100 62.220400 -52.634810
153 -198.597700 44.387300 -198.942136
154 252.883100 150.515900 -278.531619
155 42.840200 374.959200 -368.506994
156 233.850900 223.840600 -428.004603
157 484.493900 99.001600 -291.830631
158 -67.331600 60.082500 -189.394482
159 132.659600 158.898600 -349.054161
160 -136.070100 343.227500 -251.679531
161 64.271100 -68.096700 -225.367335
162 -265.830100 109.016500 -91.904946
163 25.990500 136.742700 -274.659267
164 332.783200 -85.196400 -214.401961
165 15.437300 295.510800 -204.696956
166 -3.355900 218.450200 -261.305342
167 455.470500 -46.358600 -383.961569
168 -172.609700 105.602800 -244.846074
169 75.627200 8.681500 -300.337834
170 415.637300 -7.283000 -305.306012
171 55.200500 82.860300 -125.482108
172 -195.420700 191.406500 -225.369870
173 91.258700 -148.027700 -197.451680
174 408.744500 1.637800 -263.121781
175 -265.683300 315.943100 -192.822347
176 215.214800 -138.624600 -187.901747
177 -94.758800 -18.666300 -235.226496
178 -168.393800 92.889600 -432.880770
179 10.252800 94.478800 -165.812160
180 10.657300 104.517600 -260.519055
181 -225.161200 172.325700 -151.031800
182 -198.276500 188.668700 -244.168545
183 -5.499800 75.340300 -110.653090
184 81.160200 86.489700 -270.563789
185 -26.398400 34.925900 -102.300256
186 90.004800 19.457000 -253.580932
187 -1.915000 45.172600 -68.464189
188 191.502200 87.147000 -101.589129
189 -126.770700 119.333000 -155.680835
190 145.411700 159.903100 -205.000672
191 176.549900 81.476700 -179.770529
192 -123.853800 35.931600 -86.606057
193 -186.465400 76.529300 -54.928006
194 -158.809600 161.393400 -233.628640
195 290.426900 87.591700 -192.027210
196 -76.066400 120.602100 -121.182406
197 -213.802700 175.609700 -98.449837
198 94.667600 48.270600 -90.177126
199 203.716300 60.216700 -80.440183
200 26.390900 30.726300 -20.680090
201 -73.655500 164.938700 -7.898469
202 -283.010900 155.741300 -80.919116
203 -71.162900 232.110600 -113.277028
204 215.739700 28.540600 -223.442934
205 -37.104800 183.565800 -99.314822
206 -74.367900 173.207600 -97.425729
207 64.832200 36.110900 -29.064908
208 102.956700 159.280000 -241.024332
209 54.349300 20.545300 -136.911980
210 -211.055500 225.747200 -157.136459
211 -35.686300 47.888400 -91.834024
212 -11.867700 107.520700 -75.320189
213 189.287100 34.095500 -32.449276
214 231.669900 233.881800 -161.768551
215 -6.249300 138.960200 -11.819682
216 -361.440700 145.564000 -256.591005
217 -113.993700 165.812900 -133.811837
218 65.517500 134.642500 -29.074103
219 -107.423600 166.575800 -228.416486
220 30.030200 27.149400 -47.271196
221 -118.502100 111.032700 -265.441307
222 75.473900 218.113300 -292.901356
223 37.812100 306.258800 -414.494653
224 -228.473800 74.613000 -232.214577
225 -20.051100 61.413600 -242.298380
226 53.669200 264.398700 -384.757553
227 -10.149900 299.329300 -236.957328
228 130.900200 273.767700 -403.480582
229 -176.201400 198.409000 -222.263350
230 134.446000 184.910400 -434.931505
231 -380.867200 217.028800 -458.351957
232 153.889500 151.827300 -249.888963
233 -174.691800 166.988600 -217.177120
234 -150.315400 178.719600 -257.440408
235 423.315400 136.763300 -304.651136
236 -246.243800 312.334300 -372.847371
237 -106.524300 275.047100 -250.029243
238 -109.173500 245.514600 -222.179737
239 246.940300 190.942900 -350.327000
240 232.256200 213.603500 -305.968085
241 257.118500 -75.209200 -183.828868
242 148.170300 263.687600 -358.124500
243 -171.023500 262.102800 -303.879959
244 -119.111100 118.613300 -306.432122
245 277.566700 302.295200 -300.198769
246 35.878600 254.206400 -456.564565
247 -118.257000 227.491900 -316.586085
248 -10.918000 126.983800 -341.929719
249 256.691100 33.522200 -186.697204
250 -407.501000 36.899700 -180.625203
251 -17.274800 -47.563300 -232.626732
252 33.529000 51.066400 -115.898411
253 289.398800 161.037100 -245.203348
254 96.930800 258.014500 -419.299263
255 -48.916500 179.344400 -334.012774
256 79.972500 150.714700 -335.023206
257 38.514300 356.682600 -423.431070
258 162.267700 49.225100 -372.725287
259 43.369900 29.148000 -282.367564
260 141.131500 36.124700 -434.661347
261 195.824900 172.155600 -435.385068
262 294.960400 68.440900 -344.614933
263 -215.745200 134.537800 -234.565858
264 -328.519000 169.191500 -246.422409
265 259.379900 37.533300 -400.066260
266 58.756100 -10.278900 -284.224784
267 -72.681900 403.556800 -411.437591
268 19.290500 379.690900 -414.678831
269 187.204000 42.283400 -204.542836
270 170.056000 150.716000 -338.443711
271 -290.265900 148.472600 -156.434818
272 -6.793900 196.845500 -395.582965
273 -95.886400 306.962200 -382.004076
274 182.276400 237.144700 -327.648278
275 546.479200 68.888700 -256.738802
276 -45.812000 108.778000 -94.330382
277 393.370400 169.314400 -375.819803
278 95.319300 88.209000 -341.040517
279 42.968600 87.579000 -252.473116
280 -210.869500 85.607200 -270.647207
281 -363.296500 179.817000 -253.954249
282 85.498500 182.564900 -277.443670
283 44.772900 95.543600 -225.224601
284 217.016800 9.562600 -264.320682
285 221.264200 65.997200 -233.540113
286 57.595000 141.174900 -336.040760
287 90.512900 259.268300 -495.759357
288 -29.531400 242.384300 -300.700240
289 -77.864700 220.044000 -325.562158
290 408.221000 333.692400 -440.940345
291 -144.723400 216.595700 -308.385363
292 245.718200 251.186500 -322.095517
293 -55.694100 79.322000 -215.760138
294 207.924200 77.887700 -285.951137
295 -10.114000 89.204600 -143.909229
296 253.988400 201.020500 -229.382566
297 -97.559900 190.965600 -398.556390
298 86.329400 146.806100 -456.702655
299 -21.847000 193.097100 -308.756507
300 195.309900 365.717600 -525.193033
301 -73.108500 411.054700 -606.875672
302 249.995500 168.890500 -488.852396
303 111.377500 48.429900 -274.347761
304 311.005200 3.720400 -489.146826
305 161.464000 82.161900 -289.484615
306 -77.921100 183.477500 -328.646992
307 23.462800 71.756500 -315.495953
308 -142.838500 299.902300 -268.994101
309 -318.790500 165.746000 -354.545862
310 536.255100 123.848600 -421.760825
311 37.990800 91.382700 -317.230526
312 19.843200 208.700700 -335.937484
313 -123.226300 280.802500 -395.805928
314 -119.710800 295.141900 -331.918248
315 -333.426300 295.075300 -455.118382
316 29.530800 152.613800 -397.748761
317 110.111100 147.324000 -414.275232
318 142.561900 119.487100 -201.845679
319 29.550100 234.339800 -398.056717
320 265.531400 262.585100 -518.192930
321 270.221600 80.398300 -341.788680
322 -132.088100 135.067000 -267.350952
323 258.362400 68.590200 -446.910898
324 -128.698100 147.451600 -401.741201
325 191.703500 357.800600 -469.283250
326 124.575100 -31.772300 -365.132472
327 74.997200 93.630500 -276.585806
328 -2.127300 106.848700 -226.546062
329 -423.028600 308.820500 -360.887136
330 139.464700 346.508600 -297.019632
331 125.217600 357.007300 -401.676794
332 -203.789100 385.626300 -522.504701
333 -112.968200 310.641300 -471.449310
334 -228.427200 198.931700 -436.337935
335 169.922500 85.294800 -292.814505
336 -321.567400 15.802300 -296.138645
337 59.700700 231.554500 -225.766843
338 -40.296700 4.428200 -185.132154
339 -41.549900 155.088600 -385.395994
340 34.201200 90.564600 -64.707371
341 132.678900 184.498800 -258.267698
342 -173.421100 121.611200 -408.148152
343 302.316400 65.682100 -426.615204
344 -325.713600 167.002300 -143.097123
345 -140.318200 274.273400 -481.331099
346 -252.867500 423.387000 -479.809808
347 11.162400 243.145100 -416.277116
348 59.530500 131.999700 -373.426211
349 -93.591100 175.411600 -222.052263
350 24.125400 196.860000 -394.159628
351 -8.520300 -49.958400 -218.047660
352 29.371500 59.333600 -355.381672
353 -231.663200 174.976800 -66.561382
354 -2.146000 255.879500 -414.524280
355 -99.942500 156.071000 -223.558680
356 165.475400 143.695600 -185.737085
357 70.770100 228.218500 -261.280035
358 -28.685800 138.040800 -384.833522
359 150.334700 104.641000 -300.730959
360 -265.247800 324.308300 -240.512265
361 68.036300 51.521000 -194.673606
362 -93.891300 43.021900 -109.793848
363 276.134500 147.622600 -233.294942
364 -0.035800 291.680800 -346.471367
365 -105.916300 120.509600 -205.772980
366 -263.099600 172.688000 -117.306140
367 -89.172100 84.805400 -312.551266
368 16.817000 32.946200 -164.552712
369 -119.843700 209.334900 -215.723848
370 -277.673200 186.826200 -381.752517
371 211.439400 203.057300 -374.338747
372 -151.390300 218.250800 -328.072328
373 350.842500 -23.253900 -337.007117
374 232.162800 271.812100 -280.653386
375 242.805100 77.038200 -339.560236
376 203.318200 177.853700 -284.775255
377 -59.232900 73.397100 -340.734158
378 199.174100 219.761800 -446.262168
379 -449.003700 282.571500 -466.297232
380 -193.918400 343.003900 -469.466834
381 67.292700 312.919100 -291.218039
382 69.455000 167.834200 -397.334014
383 141.927200 245.971000 -387.132403
384 86.778500 269.354900 -197.084690
385 147.079400 252.933500 -307.785051
386 -141.655200 333.204200 -338.428065
387 -33.045300 125.100100 -250.582508
388 148.532600 182.206100 -133.170653
389 453.371600 150.469400 -396.765006
390 246.456800 110.620100 -274.859634
391 154.908600 -104.759100 -154.500742
392 175.813900 12.143300 -244.530540
393 -274.238600 33.061500 -337.487822
394 -180.141500 -12.129800 -13.639758
395 -136.912600 93.899200 -217.599049
396 0.528100 162.250400 -288.643254
397 127.762000 273.261000 -376.837311
398 282.197100 242.802500 -218.038363
399 156.435000 -44.805700 -89.114147
400 271.368500 49.895000 -325.623044
401 70.326600 60.941100 -241.504119
402 1.306700 -59.575800 -229.192750
403 183.557300 117.181400 -344.237676
404 -213.195100 258.731400 -360.575704
405 76.889400 61.091500 -196.256435
406 20.876200 278.608100 -275.505376
407 -75.193100 -77.713600 -248.932475
408 23.451600 215.200800 -565.560142
409 30.476000 199.393300 -282.522323
410 -81.045400 157.473300 -241.506290
411 -100.219900 147.469500 -93.706481
412 137.518400 161.363500 -189.112861
413 -26.512800 109.559800 -115.391230
414 -157.086100 276.844400 -325.670238
415 119.686300 87.578700 -150.128496
416 301.575200 131.755500 -316.511173
417 289.904400 107.021700 -358.610157
418 -330.508100 26.847500 -354.296161
419 -177.921300 138.254800 -445.854669
420 30.820400 8.220200 -166.267931
421 335.549300 142.012400 -292.540989
422 -165.322900 185.087200 -334.064874
423 96.682900 -8.941400 -133.628037
424 -48.539800 161.258500 -220.411993
425 -61.023700 12.847400 -130.491154
426 312.615000 -47.366900 -204.428772
427 -32.504000 189.916500 -333.293932
428 -37.283700 -42.041200 -224.619629
429 -216.298300 59.630600 -177.432745
430 126.365500 119.036300 -287.191855
431 195.613000 175.252400 -280.028992
432 -0.904900 176.014500 -295.436970
433 69.857300 39.577900 -194.706037
434 -174.913400 104.681800 -145.784575
435 -131.316000 244.324100 -509.753361
436 36.088800 56.684500 -173.903263
437 -26.772300 100.725800 -59.433231
438 -220.286500 -76.433500 -156.918714
439 274.917500 96.706300 -113.163718
440 412.577400 -7.851600 -364.492845
441 102.498700 200.777000 -218.747454
442 -6.134800 135.447800 -353.030438
443 -74.700800 -56.405700 -316.487838
444 -156.051800 176.446800 -160.191202
445 -30.005500 -33.630700 -62.276016
446 145.463000 95.121500 -232.560697
447 197.907500 98.729200 -172.643194
448 -490.236700 95.868400 -62.356828
449 55.821700 234.356700 -235.474402
450 -290.507200 57.992600 -219.341893
451 39.319700 -35.560800 -70.645386
452 -6.222000 25.103000 -274.544218
453 -163.112100 47.802000 -159.449636
454 -169.884100 82.682500 -376.794699
455 149.820900 160.068400 -239.484282
456 61.629300 147.825900 -162.989300
457 18.749600 102.114300 -261.021144
458 257.366500 122.465500 -187.428635
459 -103.963800 284.598700 -234.251030
460 -186.729600 69.299400 -230.082080
461 -194.949200 156.379600 -208.072175
462 115.044600 241.697200 -273.565864
463 134.495000 162.586300 -320.358845
464 85.723400 145.574900 -314.534463
465 125.675700 34.794000 -220.368380
466 73.401100 39.313200 -243.983570
467 -31.034000 234.860100 -383.420997
468 -177.445100 152.382200 -194.711742
469 -9.187700 414.597000 -300.692861
470 233.189700 70.108800 -307.663004
471 448.190500 120.604200 -222.150720
472 126.849800 131.992800 -336.590175
473 29.314400 92.419900 -247.429561
474 -121.442300 323.869600 -516.837989
475 126.721000 194.369400 -206.084486
476 -20.703800 110.175600 -243.908889
477 -332.497400 205.944700 -30.690671
478 33.479500 292.887800 -291.252977
479 -103.199200 101.691100 -195.457796
480 -222.017900 80.899200 -264.143366
481 387.072200 71.252300 -34.381990
482 -155.363800 204.438500 -293.252901
483 148.050700 116.288100 -313.850965
484 -68.736600 71.779100 -92.035595
485 -322.213400 -35.499400 -162.622741
486 105.907200 -83.410800 -122.280235
487 42.549700 168.908000 -333.676897
488 -111.436600 102.571200 -259.946060
489 451.605500 203.616700 -319.746421
490 113.697900 7.018100 -230.041544
491 -4.052600 262.145900 -280.930847
492 130.779400 232.061100 -180.598328
493 -282.539000 197.926900 -193.405824
494 -415.311700 408.618300 -272.380557
495 330.125900 163.303000 -255.141774
496 122.082800 170.532200 -266.585257
497 -52.926900 97.329400 -219.338196
498 193.531200 69.460000 -167.409803
499 236.518500 -136.518800 -337.896883
500 -150.194400 149.554600 -355.149132
501 67.155900 144.001400 -320.436575
502 -99.897300 73.424900 -304.786450
503 -236.196700 108.195400 -236.524036
504 131.352500 117.021900 -161.537848
505 104.799100 -119.619000 -148.541322
506 37.230400 17.953200 -275.332652
507 -43.791700 326.070400 -262.191270
508 214.174900 -108.526500 -132.453254
509 7.273100 56.095700 -205.135636
510 2.940700 0.707200 -330.247165
511 83.351000 -110.747300 -178.386832
512 203.362700 -23.283000 -278.231744
513 -12.375100 -105.490600 -224.469092
514 -68.608700 145.664300 -255.310547
515 -194.603400 78.810500 -301.046888
516 15.269600 9.440800 -114.326500
517 -146.167600 97.517900 -204.153355
518 52.144600 52.806900 -99.375846
519 -224.719200 -53.670600 -214.082888
520 -39.873000 102.062500 -282.872936
521 -140.803100 240.053600 -317.916683
522 -111.994000 270.761500 -301.389132
523 226.181300 -23.382500 -240.994183
524 -31.873100 207.480900 -358.370092
525 80.535000 86.830500 -252.325397
526 -138.607200 -57.608500 -160.348360
527 -57.771200 18.312900 -207.323476
528 -151.320100 249.717400 -269.641126
529 -33.955700 85.050900 -203.706198
530 280.837900 91.526900 -319.643531
531 125.403500 -17.348100 -495.949716
532 127.611900 -89.410400 -300.872813
533 33.382300 40.301400 -397.132945
534 -125.251700 55.894000 -242.331409
535 -4.753900 -15.706700 -291.354892
536 -141.183800 -2.835400 -316.962714
537 12.784700 214.248900 -230.799730
538 187.839900 267.498300 -456.100331
539 164.618800 61.574300 -303.150564
540 -283.187100 -148.360600 -189.911049
541 -126.471700 224.014100 -260.218752
542 13.366400 105.971700 -358.413800
543 -458.838500 71.913600 -356.097709
544 257.693100 45.855100 -159.808950
545 -123.190000 -85.045100 -158.537446
546 62.672800 108.313100 -337.371018
547 -170.377800 28.460000 -255.413174
548 227.821400 -34.600300 -195.584252
549 -108.577300 157.566600 -149.556483
550 -108.019300 9.489700 -405.557719
551 -152.635100 186.398900 -272.479405
552 210.675900 58.819100 -336.339531
553 -98.876500 220.409500 -387.029447
554 -96.075200 42.761000 -286.501496
555 -18.927700 -56.068200 -316.012947
556 -182.264400 105.175900 -304.968530
557 -339.359400 84.247800 -351.426351
558 19.802000 115.501600 -219.108176
559 156.802500 144.337000 -269.810640
560 211.944100 48.494500 -267.137220
561 -5.914400 27.448600 -407.602654
562 176.174200 -16.655100 -365.717104
563 -184.640300 -27.617000 -313.286306
564 64.195800 -119.402100 -161.274746
565 -40.607100 -104.327700 -248.341503
566 3.931300 -70.105600 -229.417214
567 12.263600 246.087900 -405.108246
568 47.657100 -60.898200 -181.708423
569 -307.998200 140.137300 -491.246783
570 196.745600 110.244800 -291.922546
571 18.141500 288.543100 -320.698116
572 26.618200 100.708700 -306.903330
573 290.903000 -30.845200 -201.500785
574 360.882700 -40.238900 -234.345383
575 231.949400 -20.280300 -205.562012
576 35.897500 85.831200 -240.945934
577 42.630600 -39.403300 -178.521698
578 -92.414200 102.106900 -252.969690
579 27.468000 39.200100 -293.181926
580 -296.369700 145.503900 -239.509426
581 -28.414000 86.495700 -310.217712
582 -154.981900 218.526800 -303.079831
583 248.521600 36.545500 -470.723603
584 -83.475200 -49.207300 -323.266569
585 95.459300 70.431300 -381.260867
586 117.932900 83.137200 -353.913234
587 -45.335400 -2.835000 -138.329188
588 -261.927700 -37.370000 -200.846031
589 19.756200 48.226500 -300.483720
590 78.613100 88.374800 -222.972458
591 285.139600 159.953700 -389.085836
592 -45.639500 188.347900 -313.104724
593 104.856800 43.619100 -213.418553
594 -119.834200 127.001200 -408.333266
595 -153.167500 145.594900 -314.766813
596 -112.895000 92.928400 -399.396299
597 26.516800 89.110400 -420.706658
598 -75.820700 130.456500 -435.970887
599 102.597200 -33.491700 -232.897008
600 220.672300 33.620000 -331.287872
601 -24.059000 241.758300 -455.263334
602 188.515100 45.495900 -448.082187
603 263.827400 62.832300 -420.591859
604 72.990300 137.935100 -411.685236
605 -44.587600 145.481000 -296.831637
606 68.860700 95.364800 -201.526272
607 169.469500 209.877200 -345.397481
608 241.460000 63.265100 -201.597150
609 -247.871100 229.875700 -375.793539
610 307.553300 228.364600 -385.413269
611 -33.357300 196.619100 -317.632760
612 242.456900 267.542000 -471.277304
613 347.591000 -34.383500 -237.884798
614 -47.824600 202.310600 -369.748739
615 203.446100 167.719300 -215.700914
616 -52.321500 150.664700 -281.785212
617 -184.311200 12.295500 -139.312275
618 43.285900 92.283800 -291.098285
619 231.488700 110.456100 -393.237405
620 -180.606600 198.828500 -315.693315
621 -66.526000 -6.806400 -262.839958
622 -346.981900 166.313500 -282.871661
623 411.862100 -96.188200 -449.648704
624 5.617600 125.447200 -269.347056
625 -277.892200 201.870100 -209.897672
626 34.130100 107.611400 -55.704718
627 -169.653500 132.186200 -249.190501
628 -76.398900 98.925600 -150.498734
629 -410.470000 223.829000 -295.204942
630 -228.805100 109.198600 -259.981874
631 -134.798000 308.397200 -311.066831
632 400.481800 229.692700 -387.032202
633 -112.938500 230.288100 -281.956250
634 -145.229300 170.679100 -319.193841
635 150.963600 -34.728300 -302.981908
636 74.125700 121.716800 -265.618336
637 344.248400 214.582100 -465.264828
638 -118.917600 363.579300 -370.220126
639 -354.749200 246.371800 -406.853304
640 -419.602500 350.942400 -502.669024
641 90.621800 208.758500 -355.653560
642 -3.212400 396.433200 -300.480714
643 164.129800 119.466700 -413.469428
644 -133.836000 150.941800 -419.624106
645 149.791300 136.307500 -182.131975
646 14.087000 214.082800 -416.457143
647 -555.600600 495.682000 -236.162634
648 15.206900 106.937400 -267.596049
649 287.079600 21.192900 -166.781951
650 -195.277900 249.653200 -70.520794
651 274.991000 12.800700 -291.877112
652 -143.959200 268.948300 -203.193942
653 -151.471700 130.957800 -107.304378
654 -284.259600 70.142400 -345.450411
655 -249.472500 101.411000 -335.394464
656 141.305300 260.893400 -416.165061
657 -448.870400 23.258500 -242.586523
658 -376.067900 91.830500 -167.798530
659 -93.489600 90.186800 -231.647087
660 -205.610500 266.755200 -365.339854
661 127.204200 220.194500 -306.613902
662 -108.779400 133.312800 -247.572929
663 193.129900 163.284400 -323.081676
664 285.672000 234.092100 -405.916502
665 202.184900 260.056900 -233.365832
666 -185.579000 229.056100 -306.102388
667 -304.748400 252.455800 -167.402470
668 428.422600 115.772400 -282.641844
669 27.123300 149.676200 -225.595965
670 220.862800 197.358700 -255.021640
671 283.818600 263.145500 -422.779619
672 186.283200 185.582400 -254.907222
673 70.214600 78.092500 -302.054315
674 -221.626200 106.080000 -251.474445
675 69.144900 120.922300 -248.700057
676 7.386100 212.306600 -428.369603
677 -164.120300 391.865200 -548.187259
678 -336.061900 402.842100 -471.697548
679 79.860400 123.033700 -346.836183
680 263.952200 210.515100 -324.938035
681 -209.872800 299.215200 -438.826824
682 -70.888600 487.600900 -462.657343
683 -217.588500 253.137900 -408.046443
684 -11.669600 285.570400 -449.208682
685 -94.697400 278.857700 -430.163486
686 45.022300 130.812200 -380.577495
687 237.946900 217.937500 -368.430209
688 -336.506700 326.805900 -440.464039
689 -244.488100 221.944000 -444.426849
690 -154.702200 136.889000 -455.486719
691 -173.166500 173.602700 -333.975002
692 16.755900 239.356900 -392.377008
693 67.483000 331.605000 -335.800673
694 182.832400 261.520500 -485.972387
695 -367.339000 267.881300 -416.043382
696 18.429400 225.623700 -423.593666
697 19.564500 137.537700 -425.668397
698 -246.785900 255.712900 -264.978142
699 227.582500 183.302300 -369.632549
