# Internal Elec VdW
0 -130.294400 160.852800 -375.085534
1 213.488200 -17.615700 -273.660701
2 -296.309700 438.196900 -320.575398
3 -76.234600 115.087000 -425.054754
4 -277.635900 103.646500 -326.775912
5 168.510600 102.268000 -288.870167
6 -108.248400 242.675200 -413.831365
7 288.192900 149.744100 -189.197662
8 174.856700 199.342200 -457.523406
9 -80.259000 222.204600 -456.514920
10 -61.784200 376.530400 -340.171540
11 328.910300 111.385100 -338.279981
12 177.400500 242.624900 -361.428873
13 120.286800 226.990500 -248.374506
14 -110.103100 173.874100 -414.145684
15 -273.483800 52.008300 -197.733810
16 220.970100 -76.976100 -225.565136
17 165.851300 155.224500 -389.400288
18 132.400300 265.307600 -279.473164
19 210.549900 394.811000 -559.977088
20 129.833900 235.987800 -329.510396
21 78.595300 97.087200 -229.752257
22 -12.989400 409.223000 -491.437979
23 -37.603000 337.518900 -341.394373
24 239.164900 82.752300 -517.236301
25 -310.029600 369.587000 -348.739422
26 148.801600 204.124900 -444.176938
27 -214.482200 271.064300 -182.556075
28 404.497900 129.872400 -354.012467
29 3.795800 -93.849600 -279.114895
30 260.412700 227.013800 -427.310600
31 -91.648100 80.378100 -238.804118
32 359.304500 128.644800 -432.870476
33 -326.282600 431.481800 -526.477150
34 -66.603600 296.860200 -490.160585
35 -325.522900 263.880400 -466.955799
36 36.342600 153.381000 -198.199005
37 86.878100 32.404400 -380.340121
38 -124.345600 222.985100 -316.983227
39 24.882100 255.298800 -438.542356
40 -17.699400 230.833500 -214.821962
41 94.054600 94.663200 -287.555160
42 196.962300 -78.324600 -214.803373
43 413.509700 99.869900 -353.416263
44 76.328800 282.141500 -593.587943
45 130.821100 197.817600 -424.799082
46 -134.999800 39.579500 -457.810256
47 64.681400 245.829300 -371.941394
48 194.878400 -6.919300 -294.051992
49 -81.573200 113.937500 -172.314666
50 337.064200 -41.983400 -108.633860
51 52.196700 217.414900 -299.077073
52 58.774600 80.253100 -308.122955
53 147.997600 182.430600 -224.027777
54 -19.720000 327.799700 -479.999216
55 -104.147000 127.563900 -440.741785
56 -53.367400 26.535700 -298.746656
57 27.012600 83.563700 -402.984309
58 106.324400 260.887800 -392.445633
59 64.393200 291.392000 -319.395691
60 -43.273500 135.441300 -359.193919
61 19.298700 221.181600 -358.836831
62 -165.473200 121.975000 -203.966568
63 -25.789900 41.836900 -253.219910
64 -141.473100 325.374100 -253.445980
65 196.349500 211.308400 -420.966638
66 256.640200 355.521300 -570.945299
67 191.682000 289.667900 -551.188754
68 71.354100 33.641000 -497.235402
69 242.253800 333.644500 -412.314542
70 225.697200 165.996400 -304.639228
71 -48.622800 306.014500 -487.526484
72 -24.108200 243.833100 -467.791528
73 366.858500 264.618500 -540.906838
74 183.991500 386.371600 -505.281468
75 298.903100 342.614200 -384.525738
76 300.523400 193.453900 -356.153157
77 343.492800 129.571800 -340.943192
78 34.111800 296.639500 -566.511261
79 108.004700 121.585700 -359.004925
80 312.883100 351.944400 -485.931435
81 -201.260000 398.395100 -559.026826
82 -54.298400 321.735000 -358.128082
83 -151.853400 336.742400 -500.710159
84 29.895900 163.404100 -409.134744
85 1.891100 222.552600 -487.987883
86 -47.068800 289.879900 -428.287843
87 200.031300 428.697000 -543.713736
88 -151.630900 -0.993000 -322.057838
89 190.075900 205.382700 -417.666476
90 -142.727700 293.769200 -458.530998
91 128.136300 186.104100 -509.567721
92 237.286100 100.110800 -615.714863
93 -293.530000 264.257200 -691.707823
94 -114.856800 511.815000 -616.354107
95 47.964200 240.645300 -430.000649
96 138.610400 230.527700 -495.214834
97 169.901200 124.787900 -372.965260
98 82.292900 226.770500 -405.728688
99 120.658800 338.192800 -624.808837
100 111.347100 262.939100 -587.293227
101 -55.016800 140.551300 -259.951582
102 181.092600 79.878700 -365.807270
103 -95.475600 193.134300 -388.473261
104 178.594000 189.584200 -469.129487
105 -32.227300 387.607500 -399.394497
106 -132.006000 244.929700 -356.257737
107 -258.539600 470.613200 -465.823801
108 64.960000 208.614700 -456.021838
109 63.492600 102.667900 -399.306186
110 108.025900 399.439100 -456.830655
111 70.169700 203.855500 -412.701062
112 -267.067800 91.083400 -414.033050
113 159.299000 210.233500 -530.538634
114 214.519100 201.335600 -470.750999
115 223.041100 70.757300 -316.274363
116 156.875400 321.811600 -467.943681
117 -140.071800 48.200800 -380.174606
118 197.198400 73.731300 -499.486647
119 -25.640500 308.625100 -459.266551
120 -131.152600 152.764900 -561.036334
121 -72.300900 305.174200 -470.883119
122 88.030600 270.977200 -381.638789
123 -53.333700 325.377800 -759.199984
124 -8.939400 270.312100 -508.590887
125 -13.834500 242.791000 -625.399415
126 -169.769200 272.834900 -623.905843
127 20.117500 168.774400 -554.770405
128 254.182600 366.032600 -629.218380
129 24.955600 301.158700 -523.305277
130 -222.159400 459.593200 -669.223463
131 -111.794600 333.090300 -472.548807
132 37.653800 438.104300 -513.795284
133 143.763800 210.679600 -467.732403
134 0.382000 307.858100 -526.959260
135 137.728800 415.692400 -431.451508
136 -470.238300 417.309300 -301.805657
137 42.632400 110.424300 -388.104500
138 -189.881000 178.134500 -313.371034
139 12.247400 381.824600 -553.825661
140 -75.931300 255.971200 -558.843580
141 13.020300 257.114400 -521.322746
142 -228.938600 459.832400 -548.041318
143 317.298300 393.998600 -494.949603
144 -45.518000 335.440100 -494.710507
145 85.088400 224.102500 -386.437246
146 -221.853700 369.172900 -373.760890
147 -144.581800 243.206300 -382.671115
148 -112.802900 333.984900 -382.064951
149 9.892200 223.812000 -182.717364
150 194.367500 355.170700 -410.944621
151 45.590000 207.026800 -508.325858
152 -149.232500 273.479500 -316.843976
153 -91.902600 109.286700 -343.601660
154 138.487300 238.815600 -564.024970
155 389.574800 318.214200 -366.608362
156 54.955700 303.681400 -596.716403
157 156.248500 255.318500 -622.379626
158 -65.966800 161.922100 -404.562801
159 -54.877200 359.122000 -519.335250
160 301.206300 328.091300 -462.416963
161 257.808300 237.323600 -532.860603
162 -183.896400 282.356200 -443.614154
163 227.749200 341.945800 -662.016268
164 36.208700 134.232100 -406.332282
165 19.662900 434.851200 -405.795760
166 89.127300 373.225700 -608.264392
167 202.499100 261.016200 -612.072351
168 -157.497200 240.465500 -467.550251
169 173.038900 203.072900 -534.625590
170 280.681700 244.285000 -686.622977
171 248.656400 288.100200 -490.832316
172 -106.273500 363.650300 -503.798138
173 13.936700 227.458700 -615.140342
174 356.813200 249.788800 -698.425697
175 -293.946900 353.433100 -354.690943
176 261.132400 204.989800 -492.962343
177 -165.476700 145.419000 -474.052626
178 -62.423300 144.164100 -576.347222
179 53.917700 189.723700 -457.445014
180 221.228400 300.862400 -656.183670
181 107.975200 205.929400 -381.794373
182 -210.684600 298.278800 -538.134219
183 46.447800 239.732700 -455.934895
184 -47.962600 474.242200 -602.187580
185 -22.294200 365.912400 -542.328012
186 246.135100 226.124200 -561.164555
187 232.776600 295.376600 -393.154861
188 22.565500 281.545200 -452.862919
189 -443.625600 275.482000 -539.919604
190 -136.168600 370.774900 -407.268207
191 17.011900 246.537100 -450.406610
192 -219.961300 184.801500 -363.345727
193 -133.908000 65.059400 -298.317281
194 -379.588000 488.901900 -605.986321
195 56.356800 340.945100 -491.871631
196 125.931800 273.038200 -460.348953
197 29.721000 340.767500 -465.710384
198 195.056600 238.597200 -399.132711
199 328.381500 308.378400 -481.823224
200 -35.699700 286.019900 -500.945269
201 142.227800 212.156200 -403.655802
202 31.919900 343.364800 -431.723208
203 -182.963500 400.260000 -479.059418
204 365.276800 270.491200 -498.592520
205 -362.288300 404.453800 -507.559992
206 -119.015000 410.566300 -474.784211
207 378.848200 243.710800 -282.199451
208 117.841900 429.561000 -659.433926
209 -125.379300 322.851700 -440.201732
210 -89.334600 284.763400 -417.907011
211 -318.160400 292.100600 -410.087077
212 -81.302700 168.851200 -406.481758
213 -21.814300 321.344300 -400.252636
214 -156.127700 378.519700 -329.691632
215 -115.537200 147.528500 -322.207506
216 -277.966600 182.439200 -485.446286
217 -100.248000 249.321300 -424.861353
218 -6.295500 360.589900 -366.966493
219 -108.237200 172.176100 -443.076485
220 -335.581300 280.536600 -345.113925
221 -173.520000 320.743200 -525.491302
222 73.185100 344.485100 -525.985325
223 47.102600 233.279400 -540.745673
224 -28.500100 270.467200 -515.709977
225 147.404000 184.293900 -430.932556
226 -23.484200 180.231100 -544.061605
227 122.459700 292.116400 -494.911358
228 -91.367500 353.401200 -538.451590
229 134.372200 128.881700 -392.084229
230 532.145500 137.107800 -538.459264
231 -300.799700 235.307600 -520.349683
232 265.201800 375.547800 -526.735927
233 58.541600 280.707600 -468.070849
234 93.707000 287.345500 -629.356827
235 95.391500 402.792300 -503.937607
236 63.020300 327.542800 -558.100817
237 -18.562300 451.357600 -538.206646
238 3.400000 616.470500 -606.257198
239 -190.286000 346.421000 -500.772382
240 419.628500 219.437400 -649.985663
241 130.192800 45.298300 -424.235422
242 126.445000 318.370400 -490.483813
243 11.645900 266.533100 -512.849456
244 -26.094500 267.603400 -547.189973
245 301.616400 328.008400 -565.713766
246 -6.984800 293.800800 -529.179690
247 185.882500 299.104600 -593.512619
248 113.674400 100.724200 -420.525374
249 74.987300 158.213600 -459.058362
250 -193.912100 248.025800 -342.988794
251 252.554000 219.349500 -515.970731
252 -88.154300 168.252700 -159.854082
253 203.118200 298.526400 -568.737464
254 30.022000 386.877100 -537.583505
255 225.269500 144.330600 -530.254948
256 -98.814500 454.348200 -614.560416
257 266.743700 356.500200 -493.306292
258 -33.993200 284.626500 -572.248592
259 -56.140400 219.740000 -550.664240
260 184.564000 241.761600 -643.926392
261 93.567700 463.041400 -660.361816
262 296.092900 305.736100 -617.889350
263 -265.397700 181.645600 -486.764523
264 -197.124300 351.244200 -516.529330
265 -46.069700 336.225700 -769.955864
266 -3.162000 306.854900 -616.770346
267 261.658800 582.563700 -739.142300
268 212.654400 380.856200 -572.325451
269 -59.190400 329.149900 -517.273248
270 249.304500 235.208300 -404.254262
271 -321.605300 379.574900 -507.337169
272 71.104300 430.977000 -653.285259
273 -106.356800 385.398200 -550.071368
274 187.989000 427.163900 -553.396744
275 179.911900 440.175900 -532.515497
276 -212.392200 328.199000 -443.286773
277 -19.755700 265.862000 -518.674510
278 35.652900 366.898800 -483.127374
279 387.517300 300.101700 -377.641723
280 127.982300 238.919300 -588.066941
281 -163.501200 184.852500 -514.980013
282 228.563800 274.581900 -667.266295
283 -9.161700 207.788400 -500.017712
284 353.297000 158.347500 -505.334829
285 472.931700 149.723000 -467.455582
286 197.495400 239.847100 -425.080220
287 106.072200 -18.119900 -428.587784
288 -309.976400 451.373600 -390.936181
289 144.471700 194.089100 -538.502329
290 312.995100 272.459800 -482.840330
291 -146.831800 344.223200 -601.874209
292 133.859900 359.558400 -690.583428
293 189.875000 230.741200 -405.833035
294 27.722800 164.919500 -413.131995
295 -249.291600 367.963700 -451.144305
296 223.646600 287.699000 -487.787981
297 55.661400 149.638900 -481.540294
298 -35.071600 281.121300 -607.556573
299 24.187000 352.733400 -508.429622
300 213.667000 308.864400 -630.460104
301 14.416300 528.433700 -708.196680
302 276.196500 320.399000 -626.311478
303 176.927100 132.454000 -328.309804
304 331.689600 -57.156200 -451.862771
305 75.467400 206.965200 -548.951701
306 -145.534800 155.674900 -304.301952
307 184.609100 42.005800 -508.677254
308 176.231400 239.882100 -403.312220
309 -389.617900 226.492200 -439.853570
310 264.824500 129.027700 -436.580025
311 -75.145700 295.828300 -567.145854
312 30.720700 369.220200 -435.960825
313 -8.877700 379.538400 -440.098505
314 -113.756200 193.051700 -392.667416
315 -172.018100 251.044100 -511.468427
316 38.861700 85.122200 -378.742012
317 -19.827100 41.369000 -315.422124
318 343.083100 23.513600 -200.412570
319 34.191300 177.131500 -401.161699
320 244.726600 196.780100 -511.179553
321 -23.238600 120.727900 -424.422423
322 -33.416700 263.004800 -528.882626
323 192.624600 77.776200 -349.025513
324 -127.030000 225.580800 -606.127836
325 445.805600 299.448300 -462.357346
326 1.512600 133.050900 -514.976944
327 185.158400 250.572500 -422.044826
328 74.268500 252.007200 -583.082650
329 -105.858300 284.055400 -491.993805
330 250.107400 182.459700 -369.483914
331 21.245500 377.466800 -369.665741
332 220.260800 356.458500 -589.440623
333 192.957900 204.004200 -448.269903
334 -175.249200 232.830900 -586.141230
335 117.570100 245.810800 -503.864148
336 -71.559900 107.655500 -410.627251
337 -9.590500 348.964100 -390.550012
338 163.857000 184.530900 -377.299229
339 37.108700 256.043400 -415.843363
340 -116.431100 116.463700 -281.272389
341 91.573300 239.540300 -297.617026
342 -24.230900 143.400000 -512.159309
343 251.550400 204.220400 -414.217375
344 -42.719200 244.436200 -420.862207
345 -193.267500 279.777400 -464.985965
346 -125.146000 428.976200 -520.462709
347 198.291100 190.045300 -496.747968
348 316.036700 12.541700 -470.771762
349 -59.175100 92.237800 -412.746594
350 -73.321700 153.191600 -437.529306
351 386.875400 -43.689700 -446.519033
352 220.734400 44.589100 -385.747524
353 -131.022000 161.476000 -325.619006
354 85.425700 178.582500 -345.182716
355 32.004300 159.794400 -184.818468
356 196.325900 200.789000 -243.291610
357 50.000200 125.402000 -402.986140
358 -225.669100 198.311900 -515.531432
359 -82.064600 76.218200 -491.404860
360 -103.609900 193.535400 -360.038961
361 -97.487700 -5.582400 -361.078447
362 -152.759700 113.584100 -439.686912
363 523.255300 189.734500 -365.178360
364 256.117700 293.082400 -511.523042
365 18.291000 238.273900 -506.028801
366 -305.407400 149.012400 -280.056179
367 307.675100 145.344100 -415.556049
368 -407.663800 152.094500 -331.691270
369 -568.929400 201.447600 -161.861469
370 -47.351800 18.307100 -463.702973
371 35.217100 228.844600 -487.426172
372 9.861200 81.958300 -533.779540
373 14.838700 89.283600 -442.087213
374 367.789000 219.979100 -330.041051
375 -49.613700 173.615900 -516.434540
376 112.906900 56.983800 -412.860184
377 -44.909000 117.205700 -393.090707
378 182.235500 123.900900 -474.657247
379 -230.569800 316.320800 -629.205836
380 -146.928500 294.137000 -613.228007
381 -59.651100 118.819400 -419.717220
382 -132.831900 225.177100 -442.457621
383 251.051400 154.913700 -413.524144
384 -15.768000 131.474100 -319.048450
385 326.397000 252.514100 -450.706167
386 23.185300 30.673400 -482.051716
387 -2.649500 143.282200 -602.166734
388 14.734200 187.587400 -455.978014
389 224.133600 408.306400 -629.695853
390 319.698200 149.457000 -389.492084
391 311.757300 -41.037700 -354.333712
392 451.530200 90.912200 -393.691543
393 -74.174200 -3.724000 -426.869617
394 -7.515700 168.519500 -336.578641
395 170.740700 214.987400 -444.653320
396 243.263900 139.607000 -464.322119
397 422.207600 -23.136600 -557.041168
398 41.460500 336.838300 -435.206618
399 -243.452200 198.852600 -382.046281
400 189.920400 243.923600 -517.012664
401 257.913300 145.600100 -533.224063
402 72.108600 169.197100 -546.292864
403 6.112500 394.429100 -629.095745
404 243.502300 258.227000 -583.284146
405 77.405700 158.241700 -254.654250
406 -44.492000 351.826200 -573.316516
407 -86.554100 17.680700 -400.692147
408 141.282600 269.198700 -620.845899
409 363.329000 184.662200 -538.142785
410 5.655500 334.317900 -519.090473
411 -25.933700 258.078000 -376.616140
412 -79.989800 225.613900 -450.666027
413 -151.504800 285.568300 -394.362727
414 -43.026100 291.796300 -410.119138
415 11.816400 14.624000 -340.875964
416 356.334500 104.334700 -483.271459
417 -29.394200 251.931600 -509.912931
418 -162.602800 210.254100 -533.908625
419 362.763500 165.346000 -525.539911
420 178.591300 204.217600 -307.168412
421 481.968900 66.267900 -476.545887
422 -239.928000 301.651000 -410.920744
423 246.411500 55.228800 -437.793728
424 -76.754300 308.119800 -368.142511
425 54.850200 191.695200 -422.051095
426 302.963400 45.445100 -444.824804
427 -313.906900 275.806500 -352.267510
428 -54.290600 55.131500 -381.769401
429 -128.734300 113.232500 -410.840152
430 59.418800 254.532600 -532.772987
431 49.995200 79.459200 -342.600090
432 -295.252400 232.926700 -496.861586
433 86.948600 126.398700 -443.736560
434 -230.933900 235.761400 -439.476706
435 -161.607600 70.522100 -513.590747
436 26.735000 113.764900 -410.895217
437 53.453400 58.636200 -487.681847
438 90.365500 199.335800 -387.599584
439 498.955200 317.010600 -485.252689
440 155.393400 96.247700 -537.627306
441 46.655400 354.601900 -462.426048
442 -133.207500 142.755500 -537.691611
443 -101.831600 55.403800 -509.247738
444 74.732000 202.127000 -393.528711
445 -80.112600 -6.923300 -314.052412
446 -139.396100 218.209900 -422.507133
447 103.830600 213.427300 -525.076356
448 -314.500200 88.047600 -280.829210
449 146.318400 253.812500 -480.146763
450 -260.558500 -98.265500 -229.258844
451 233.413900 -6.029600 -320.082143
452 42.082900 0.910400 -426.117433
453 307.277400 98.951100 -267.024072
454 69.870200 18.962700 -428.063711
455 228.763100 303.474900 -464.265342
456 -9.152900 140.926100 -389.032631
457 282.308000 26.855300 -416.537698
458 220.758300 67.546500 -341.781109
459 -69.792600 277.455400 -357.826974
460 -233.851200 108.166500 -339.542810
461 -96.866800 369.588100 -396.000512
462 127.848600 273.606300 -518.304783
463 66.636100 160.649100 -510.911862
464 111.781300 307.023600 -575.296369
465 214.792800 33.234200 -442.596144
466 131.674400 137.406300 -455.418010
467 -269.118200 354.328700 -462.009130
468 -222.199000 156.108400 -401.959981
469 -12.770000 253.049200 -396.383009
470 254.598600 41.698700 -339.534725
471 98.800800 53.073100 -115.641931
472 90.222000 32.269000 -327.651117
473 -100.922000 148.355900 -480.915897
474 -174.085200 290.434500 -573.780862
475 114.136000 71.540500 -240.857568
476 261.597200 139.295900 -633.357972
477 -211.066900 -7.847700 -182.198917
478 167.864400 284.970200 -432.496421
479 45.660200 26.948400 -419.087084
480 5.047700 133.655700 -357.374351
481 152.365000 158.746700 -227.429902
482 13.919700 228.950000 -306.930347
483 -202.888800 294.702200 -497.906814
484 -20.598200 40.617300 -288.842653
485 -124.655800 -9.612800 -309.827989
486 465.735700 -57.540500 -386.423321
487 146.337300 116.386400 -406.856764
488 -129.141300 80.176200 -328.760065
489 183.481300 94.530400 -437.982476
490 350.241800 -20.097900 -239.415557
491 65.001700 186.086100 -299.351159
492 -48.516700 87.017600 -151.961966
493 -309.415400 324.508100 -290.496519
494 -480.944400 270.859400 -194.089694
495 221.488900 36.873200 -270.753100
496 203.739300 21.516700 -389.325755
497 -130.175000 122.824300 -190.170633
498 -33.361800 88.610900 -179.294207
499 -12.315900 94.271800 -423.124850
500 -179.324300 87.011400 -224.729209
501 -31.853300 208.291200 -372.672660
502 -91.913900 164.097200 -460.749418
503 -5.339200 178.942200 -394.830547
504 383.977400 -9.626200 -345.438404
505 -62.478700 35.421200 -239.817078
506 42.757000 142.374500 -96.026221
507 -35.293500 302.015800 -83.869393
508 11.724600 56.694100 -74.770470
509 -220.372500 -26.063100 -250.951452
510 114.750600 -48.486400 -249.525800
511 -6.317300 -4.208600 -312.664227
512 14.412100 13.777300 -218.974854
513 50.020900 -48.668100 -267.053423
514 39.135100 38.851600 -216.412732
515 -63.787600 68.192400 -336.670169
516 -154.025700 15.493400 -124.091994
517 -322.364500 295.210100 -328.736473
518 -78.525900 89.947100 -312.427195
519 89.610100 27.532300 -217.527964
520 -146.558800 122.375600 -310.883845
521 -200.321500 194.253700 -205.544660
522 -144.448400 215.649300 -350.235504
523 -216.209900 -112.636000 -286.436895
524 255.586500 135.584600 -350.875420
525 -7.501300 69.069600 -307.488125
526 -60.460500 -20.638000 -390.038176
527 -114.656900 67.274600 -278.916560
528 -100.963500 218.687500 -280.345744
529 105.126500 65.282000 -296.539165
530 224.685000 128.694300 -285.767485
531 -109.960700 19.764800 -347.686003
532 -34.202800 -32.233100 -294.876354
533 98.607300 32.815900 -437.129539
534 -47.952400 -2.063900 -196.271857
535 -463.810000 88.199100 -280.579811
536 102.861900 111.684200 -386.926540
537 232.035900 73.606100 -283.094949
538 298.848900 213.278400 -477.261256
539 35.715000 168.381600 -387.000479
540 -203.431400 120.038800 -249.608279
541 -100.907600 69.965100 -319.741620
542 178.375100 108.395000 -441.758194
543 -57.208600 221.006700 -443.240717
544 365.942100 87.806400 -353.639377
545 191.416000 119.177900 -386.130794
546 0.564600 258.631000 -442.805612
547 209.349200 45.740900 -327.439982
548 50.445600 55.468800 -350.761251
549 169.253800 191.159000 -292.041028
550 49.041600 159.293100 -481.013213
551 202.659600 310.043600 -301.604964
552 140.075400 94.431800 -405.256112
553 -109.112600 378.176100 -353.123862
554 102.044700 290.398300 -347.194928
555 -44.102000 169.855000 -338.771572
556 -90.827600 234.440600 -426.067543
557 -207.735900 245.138000 -418.367021
558 140.597300 63.075300 -235.917710
559 -76.300500 240.318900 -395.556447
560 228.865400 253.423100 -400.664220
561 -60.076400 186.433300 -409.082618
562 265.364100 157.357100 -503.210128
563 120.184000 225.195100 -353.766638
564 77.876800 168.553900 -332.070088
565 132.247000 192.872500 -387.628561
566 137.637800 194.919600 -332.584580
567 -13.705800 335.824400 -565.463770
568 -100.239400 114.632100 -219.191515
569 208.879000 220.556600 -589.382795
570 -94.258700 349.039500 -458.604100
571 30.401000 386.385700 -375.073891
572 21.583300 237.909300 -303.185085
573 335.055400 120.767900 -309.967922
574 249.876100 218.707100 -421.789485
575 18.507800 73.287700 -422.985222
576 71.926800 146.648100 -494.468714
577 212.657700 -39.271800 -373.044845
578 331.631300 263.535100 -555.310697
579 92.401300 125.026400 -448.184141
580 21.881400 309.771400 -362.980947
581 85.412800 278.896500 -379.239546
582 -133.284200 371.050400 -335.111842
583 217.485400 122.260100 -483.179815
584 -47.129600 70.556900 -403.465001
585 352.321100 17.646600 -432.112103
586 -184.958800 278.525800 -372.784543
587 -323.683900 152.092100 -287.251705
588 -61.328100 68.876000 -464.555466
589 204.740900 63.420200 -376.956782
590 133.180700 136.026100 -441.681667
591 509.204400 145.762900 -597.459701
592 248.150400 100.564800 -452.738911
593 188.517700 54.594800 -456.037159
594 84.713100 151.530700 -403.577178
595 23.917900 223.732600 -389.310886
596 85.345200 186.662800 -454.671153
597 186.253300 214.137500 -495.548713
598 -14.547300 191.576900 -486.679877
599 -137.370900 212.664000 -421.787486
600 214.511900 233.377700 -493.837280
601 77.046600 224.572600 -587.920068
602 -79.112000 352.715400 -643.388797
603 331.801000 291.656400 -498.541697
604 234.146400 139.027800 -480.137049
605 -399.725200 148.104700 -407.964207
606 104.932900 303.196000 -417.913538
607 -132.283800 289.150800 -447.617427
608 59.098000 122.001000 -474.993847
609 25.745800 75.516000 -510.049358
610 -13.890700 337.954800 -573.789423
611 176.097300 215.371500 -532.558732
612 49.431700 231.391400 -458.892330
613 569.295300 36.637400 -466.225301
614 -81.436200 314.408800 -509.420153
615 179.690200 272.074200 -603.156059
616 -58.493000 266.803000 -491.872293
617 -54.776200 82.771500 -328.211482
618 -150.785600 195.310200 -357.615112
619 136.325200 211.628500 -484.362607
620 -48.806200 213.549900 -487.605831
621 -34.135800 111.906900 -422.599541
622 -147.910900 289.380100 -432.476270
623 152.533900 12.401300 -689.447260
624 -137.587800 157.333200 -318.908561
625 -263.569600 351.728000 -477.599360
626 210.262900 -51.226000 -107.591619
627 48.757000 233.489000 -473.399353
628 -126.199500 213.131100 -412.505688
629 -237.121400 118.143500 -346.018856
630 -11.899200 80.038300 -254.596198
631 -48.700200 360.850700 -441.634468
632 234.254200 198.395000 -331.574663
633 -42.258500 90.467600 -418.200609
634 19.622400 3.265100 -385.711132
635 132.727900 111.463900 -439.037586
636 -12.630100 334.370300 -503.268659
637 172.933000 303.143500 -572.324637
638 -15.345700 377.958100 -499.595327
639 -410.727600 272.230400 -506.770483
640 -375.607900 365.410100 -447.123577
641 -31.034500 178.547800 -477.798569
642 -216.090800 374.828800 -464.036070
643 170.030200 159.073500 -539.095815
644 -17.267000 238.465500 -603.014928
645 5.240900 135.802100 -485.807717
646 169.339600 342.167400 -438.047949
647 -78.107300 485.658200 -444.039082
648 -56.104000 252.491700 -477.012112
649 166.185200 -72.071700 -289.110943
650 -136.858600 236.084500 -252.761034
651 81.832200 68.195600 -409.587829
652 -167.584700 306.879400 -573.622484
653 1.818700 229.707700 -391.053679
654 33.708600 150.657400 -381.250653
655 -12.311200 138.276700 -458.106427
656 213.735400 344.563200 -485.216883
657 -171.586500 273.360500 -556.342164
658 -154.883200 70.188300 -357.065442
659 -59.956800 183.498400 -440.170314
660 -97.155000 181.284500 -512.820416
661 269.262100 165.598500 -317.691636
662 -82.457100 284.091300 -495.332651
663 -256.852800 240.073300 -419.702206
664 70.360600 336.969600 -610.456104
665 269.781600 428.576900 -457.017570
666 -361.197100 306.165300 -484.536411
667 5.256700 157.399800 -405.718301
668 180.280100 103.011200 -390.321960
669 207.948200 44.985500 -337.470960
670 3.815100 73.577100 -316.857768
671 234.324400 267.771600 -552.265465
672 288.704300 205.488200 -385.352647
673 342.572700 257.304600 -560.616092
674 -134.865800 206.796700 -398.060063
675 0.710800 222.065100 -488.867278
676 74.218000 398.737700 -552.685324
677 -26.281800 348.609000 -764.100783
678 -98.663800 256.828900 -534.297957
679 -24.605000 325.344800 -495.853920
680 198.410100 330.173300 -631.919210
681 111.650700 373.808200 -590.176390
682 20.100100 514.140600 -645.524876
683 -65.163600 297.642700 -563.018163
684 87.574300 321.026200 -494.964126
685 -304.883200 454.614600 -628.823216
686 -118.583200 282.178600 -341.243278
687 268.545100 325.018000 -332.736706
688 -450.132900 445.033000 -515.382273
689 -428.807800 300.376000 -452.271757
690 -60.974900 239.412700 -669.462226
691 -189.957900 258.062300 -488.915079
692 219.279900 311.929400 -450.469419
693 -13.146600 356.492700 -511.771742
694 304.220000 332.920100 -546.797430
695 -362.985800 453.278500 -471.031489
696 -137.826700 431.076700 -490.205164
697 -189.240600 260.094400 -564.905804
698 -138.980000 237.339600 -462.816284
699 83.928900 143.792000 -422.310095
