# Internal Elec VdW
0 -95.582700 101.339400 -436.318707
1 387.358000 168.166900 -350.097946
2 -256.224600 346.208400 -262.805054
3 207.024300 75.041900 -530.273587
4 1.882300 99.455300 -259.130980
5 -80.127300 201.327000 -261.852703
6 -19.256100 223.854900 -267.579596
7 317.637800 32.286800 -252.575853
8 154.101200 160.795000 -445.297811
9 -173.952700 69.356800 -312.628263
10 -90.144300 358.124500 -317.383692
11 -4.724200 276.882500 -362.594449
12 -71.197400 272.921500 -207.289041
13 135.929300 254.607500 -187.091475
14 81.148100 157.864800 -533.866434
15 -274.657000 54.692100 -182.869954
16 109.783300 152.892700 -272.289631
17 -136.317800 189.293900 -287.107330
18 57.557500 217.382700 -203.028619
19 -52.596500 370.473500 -480.017106
20 75.369300 325.942800 -204.785241
21 298.357000 181.007800 -266.515503
22 218.175400 394.178600 -372.447540
23 -23.998700 369.729000 -346.840641
24 -14.551800 287.993400 -495.267674
25 -158.709600 413.331800 -469.211925
26 181.493500 157.721000 -367.044619
27 8.125500 408.176700 -197.657799
28 334.964600 287.382700 -292.686421
29 154.532500 0.021400 -198.004625
30 -23.792200 444.217300 -418.566687
31 -68.232400 261.765700 -316.819036
32 23.174400 284.990800 -350.190758
33 -317.875900 375.895900 -290.926225
34 -181.760000 321.641900 -407.181848
35 -319.225300 184.789700 -304.415509
36 -74.297000 138.906000 -226.195938
37 -110.199100 330.679700 -431.747134
38 -93.736800 231.873600 -292.216619
39 -64.022100 185.998300 -321.948670
40 82.555600 185.955800 -298.512807
41 69.189200 152.702600 -335.417193
42 5.400300 231.760000 -201.855177
43 242.239700 246.290900 -360.292464
44 329.662800 236.640300 -483.258427
45 110.643500 406.637200 -361.200893
46 -288.089400 366.680000 -470.412481
47 326.497100 178.957700 -240.407289
48 103.903300 227.165800 -419.273938
49 190.472800 243.092400 -216.141626
50 211.078500 -55.229600 11.723694
51 111.262200 255.356700 -134.050587
52 137.247600 207.006400 -257.986529
53 211.507700 273.644500 -135.867837
54 19.307700 292.600800 -254.534123
55 -239.008300 154.523100 -359.407924
56 82.670700 105.590900 -202.680609
57 199.996500 147.667700 -315.802769
58 -62.950000 300.228300 -78.408789
59 40.779700 180.333600 -252.565602
60 -170.841400 204.129600 -318.754564
61 -8.350600 201.065100 -316.557223
62 23.820300 308.385300 -140.572440
63 157.978400 102.057600 -208.421780
64 71.669200 356.440700 -304.597790
65 79.977200 218.675100 -451.570865
66 165.176800 377.377500 -410.914370
67 -7.386800 265.799500 -374.182840
68 -179.562100 271.624000 -233.599784
69 98.826900 342.201800 -214.604585
70 188.276400 204.542000 -88.869430
71 -272.728600 506.013900 -403.039376
72 54.982100 210.877600 -293.037565
73 86.635800 186.103500 -411.442971
74 276.251300 278.646300 -372.334044
75 227.816000 303.968000 -360.523518
76 -127.515500 316.686400 -260.158814
77 435.162600 201.920200 -424.231282
78 162.137400 265.670800 -500.843873
79 46.776300 168.191100 -67.130137
80 64.966100 359.522600 -321.280413
81 -113.123600 318.120900 -347.900275
82 67.165700 292.786900 -185.992017
83 -38.346700 265.642600 -172.324316
84 121.993600 107.125300 -149.712157
85 94.086200 52.306200 -276.660495
86 -24.488700 223.600400 -193.106103
87 158.705300 256.173300 -297.046593
88 252.575900 110.306500 -316.049901
89 16.194400 329.038400 -390.354226
90 232.541300 341.334200 -403.615516
91 150.917700 258.230500 -516.009307
92 338.454000 235.802200 -599.672893
93 127.864200 406.002500 -560.329342
94 12.661400 420.271200 -420.929528
95 -66.034000 164.215900 -303.086687
96 27.743300 188.325300 -243.893722
97 103.527300 166.764400 -291.805846
98 282.362700 290.860800 -339.787878
99 568.002500 131.917600 -426.199886
100 226.718700 315.159800 -478.492161
101 -170.279400 472.145500 -280.806853
102 222.780600 308.241000 -293.322636
103 123.495500 264.925400 -275.635512
104 19.106400 286.221300 -285.015490
105 -0.345200 371.278000 -142.946489
106 -55.588200 420.994500 -281.442391
107 2.625900 413.734800 -349.309485
108 234.895100 354.085300 -407.753448
109 285.172000 137.701600 -284.952219
110 132.388600 307.058700 -352.369808
111 272.941300 407.745100 -330.276739
112 -194.873600 164.356800 -346.465800
113 144.381600 201.762400 -377.483189
114 68.733000 252.685000 -387.267196
115 303.203700 35.941100 -179.948279
116 343.250200 211.001500 -364.945408
117 -76.266800 227.891600 -296.991953
118 101.569800 138.247800 -434.391985
119 258.833700 417.769500 -399.656592
120 -458.138800 279.319000 -483.786134
121 -120.310900 270.762400 -206.762038
122 -252.383100 304.983500 -296.267449
123 85.732600 424.339700 -580.908277
124 49.934100 294.244600 -396.343204
125 -7.538100 424.627700 -394.472666
126 240.058300 232.959000 -570.531853
127 -243.471400 297.834100 -296.555085
128 27.005900 431.939400 -350.391320
129 73.921600 346.063700 -452.506393
130 -333.622400 443.612700 -384.062951
131 64.958000 399.389000 -283.829809
132 -31.819200 308.950200 -267.860453
133 -27.071400 228.803200 -233.384462
134 253.691800 337.556800 -240.783118
135 125.402900 318.507600 -339.464749
136 -214.219400 423.570500 -102.730635
137 -52.292700 165.934100 -123.701548
138 76.203500 128.810000 -105.684298
139 85.171100 223.734800 -217.172416
140 -389.307300 161.431500 -241.700545
141 31.185000 129.631300 -169.039681
142 -127.048100 388.802200 -331.842579
143 80.954100 460.487700 -377.869910
144 -126.908600 345.746800 -343.948768
145 111.173400 340.418900 -442.240126
146 128.322600 256.475300 -282.974507
147 146.587000 272.410600 -351.605673
148 -9.217300 184.404400 -298.468653
149 -75.853700 279.543700 -338.169606
150 -215.839500 316.973200 -235.918716
151 78.464100 321.221400 -459.360586
152 -270.101100 259.256600 -256.097392
153 -254.582000 82.511600 -257.236270
154 -51.284400 321.661700 -395.955114
155 81.171400 368.028700 -351.273198
156 79.857600 382.962900 -466.389334
157 266.819500 357.253700 -499.741523
158 -109.533200 321.135800 -413.842432
159 421.724000 231.307300 -456.813601
160 101.232600 231.753800 -389.125415
161 397.829900 51.156000 -376.211139
162 -289.197200 285.901300 -318.314241
163 155.447500 228.491900 -383.347165
164 20.417800 27.155600 -259.707102
165 129.557500 259.635300 -425.487610
166 257.599800 420.995100 -305.912905
167 208.631900 291.698600 -527.843211
168 -5.797500 202.059500 -440.132291
169 83.184600 26.161700 -516.968090
170 364.418300 148.783700 -434.778853
171 -77.357200 218.185400 -216.468949
172 -339.970600 370.916000 -364.206666
173 -141.704000 245.535900 -449.008031
174 -14.330100 283.616200 -545.378057
175 -158.306200 435.176400 -374.891715
176 358.791200 125.500100 -377.262923
177 -27.224300 189.829100 -376.148579
178 -28.346800 220.502800 -478.312590
179 50.122000 301.414400 -438.382109
180 -97.654500 317.704400 -551.972726
181 -111.129400 195.413100 -360.471394
182 -176.363500 447.098000 -331.507041
183 106.958300 231.029500 -378.327017
184 -11.331000 333.407900 -381.485815
185 -0.168600 274.032600 -499.786258
186 269.090900 244.423400 -461.132868
187 266.063000 168.436900 -308.904188
188 235.557100 377.856700 -489.866158
189 -287.344200 208.627400 -364.205384
190 -53.185000 346.607300 -397.008254
191 77.765600 207.262600 -404.110308
192 -330.982000 323.681600 -319.787073
193 -156.440400 36.737900 -86.983824
194 -191.384400 395.837400 -461.474050
195 109.016300 333.296400 -448.605554
196 -40.957000 267.443500 -345.908713
197 143.439800 447.072700 -302.125688
198 141.170900 206.890000 -413.205345
199 188.943000 240.383400 -563.992035
200 144.254200 185.794300 -499.762294
201 123.517500 216.457000 -327.446836
202 406.629700 361.141400 -476.469257
203 -188.200100 270.598700 -491.628411
204 368.322100 71.637500 -331.385825
205 -200.041100 443.746900 -410.990347
206 -39.682000 409.514700 -403.545985
207 18.840300 347.331900 -420.085352
208 180.732800 530.784200 -588.055161
209 193.501400 289.787700 -387.423583
210 204.549400 287.949500 -449.677844
211 -114.337500 231.157500 -427.089119
212 -16.111300 113.756200 -363.584460
213 -35.210200 442.614400 -436.891166
214 257.095800 303.635300 -306.857454
215 172.155100 266.086500 -343.928635
216 -355.065700 257.623500 -446.750715
217 -228.709700 290.766500 -510.375268
218 -22.119100 417.566200 -394.209743
219 -113.511500 251.695500 -322.410673
220 -316.481100 241.749500 -263.310702
221 -220.618200 276.250900 -459.102817
222 -22.538000 363.020300 -481.170755
223 -14.297900 370.617200 -681.821274
224 -200.327300 257.813600 -434.862794
225 -68.315900 290.066400 -476.580312
226 246.283300 262.698000 -549.660623
227 -95.771600 385.296900 -318.880994
228 77.806100 296.436700 -442.339346
229 -41.838100 161.426600 -320.091305
230 201.569900 493.263300 -583.493072
231 -120.954400 244.621600 -498.237926
232 -22.585700 523.953300 -429.128337
233 108.395200 587.809800 -395.397816
234 60.435100 472.255600 -527.901912
235 80.045300 583.662000 -597.016020
236 96.484800 477.422500 -614.123252
237 79.428700 656.617200 -657.834448
238 -274.139800 501.467000 -370.684050
239 372.682600 401.864000 -630.308694
240 136.528300 386.142300 -545.271025
241 422.034600 75.218000 -402.407485
242 42.849300 516.524600 -599.770277
243 -266.212200 356.086000 -389.476024
244 -67.868400 465.969000 -623.768163
245 121.081500 385.663400 -448.025857
246 -114.007600 381.095600 -498.080675
247 -12.757200 357.100800 -531.582400
248 234.769000 120.320200 -365.379230
249 241.644100 245.382600 -294.158478
250 -339.343400 371.695100 -379.788516
251 61.768500 415.915000 -494.837687
252 9.597400 197.073500 -185.082655
253 265.512300 321.265800 -314.112928
254 311.934000 359.615900 -574.826751
255 -183.656200 291.141000 -301.466707
256 20.146100 433.436800 -630.089914
257 219.960700 333.927500 -471.441793
258 102.105900 262.082300 -443.210111
259 134.128700 273.769700 -513.112073
260 409.243900 198.987100 -630.182470
261 319.878600 429.755700 -494.528644
262 327.143800 190.631500 -427.318338
263 13.230700 117.123100 -401.536127
264 -105.969400 183.271500 -195.069794
265 242.376200 250.318700 -635.009732
266 235.835700 204.785300 -469.611140
267 172.425800 410.312300 -467.811088
268 4.969200 320.764200 -393.498403
269 295.486700 242.650600 -403.619182
270 -46.567900 207.093500 -476.207333
271 89.942600 284.357000 -363.661563
272 -169.907700 396.946800 -514.337752
273 -50.278000 301.263200 -385.812019
274 218.839800 387.055200 -434.334114
275 126.191000 487.282500 -512.344851
276 -19.514900 257.032800 -297.114227
277 194.821500 254.989100 -506.540456
278 90.698000 163.692000 -364.293870
279 -6.850800 242.437300 -218.332869
280 -8.102800 211.552200 -257.042330
281 -233.672800 277.880900 -337.757709
282 171.412800 214.152800 -344.205552
283 -111.599500 184.153300 -442.125345
284 105.915900 237.853800 -420.148658
285 485.252800 162.331800 -427.902527
286 366.671200 265.770800 -439.248919
287 210.491000 202.234500 -569.701431
288 1.926800 419.177500 -486.537004
289 -119.528100 164.527900 -420.475722
290 360.279400 306.842300 -478.551819
291 -18.402200 404.636500 -465.931969
292 272.416400 340.338000 -623.015261
293 170.820100 95.757500 -486.330698
294 43.972300 306.112000 -352.779847
295 -99.155700 462.727100 -345.814208
296 232.849900 540.212900 -448.867782
297 -167.955100 373.958500 -446.004466
298 -9.716800 355.054200 -521.954927
299 123.490900 371.122900 -402.819348
300 98.215500 555.425000 -709.858258
301 23.166000 382.718300 -602.613909
302 108.640000 407.128200 -544.509542
303 209.044500 281.982700 -433.053131
304 455.326500 253.339000 -629.854447
305 200.002100 312.875600 -453.315021
306 -238.059500 384.574600 -276.481069
307 236.786600 227.739500 -695.027784
308 7.973200 369.274800 -392.572856
309 -339.723200 426.535800 -425.029189
310 275.787100 263.784500 -376.583944
311 42.292300 377.798100 -573.328845
312 -62.339100 423.704700 -497.512809
313 -119.329200 502.941600 -480.099287
314 -105.993100 484.155200 -517.342895
315 -120.431300 506.545600 -566.217896
316 244.750800 259.498800 -494.687978
317 -186.671800 412.087300 -447.121326
318 170.318600 228.759500 -213.492068
319 -196.379800 366.269200 -311.170964
320 313.050000 324.059100 -548.691534
321 29.770100 174.714900 -449.710815
322 -48.656600 373.884300 -418.017295
323 103.547300 323.711500 -383.031621
324 -256.860200 348.942200 -396.345670
325 17.154400 389.348300 -509.510694
326 33.133500 180.682500 -458.519544
327 45.309800 307.559700 -306.131908
328 -52.450900 409.251900 -385.070896
329 -335.167800 355.625300 -422.659536
330 202.807300 160.655400 -213.647158
331 303.548000 358.568700 -386.455149
332 -280.871500 475.043500 -375.174952
333 -16.051800 418.570200 -354.849651
334 11.579300 403.210500 -546.035132
335 21.768000 345.448800 -341.329247
336 -208.671100 165.679100 -465.938575
337 2.821900 459.092800 -328.715468
338 92.369900 161.999500 -390.413065
339 -65.210100 237.621200 -441.538338
340 -276.520800 147.867400 -222.413156
341 -82.669000 167.730300 -282.368872
342 -6.231700 331.446500 -392.057172
343 50.393800 228.793900 -272.059889
344 -269.448900 386.314900 -420.586851
345 -158.456600 349.152100 -385.746970
346 144.181100 465.933800 -607.732866
347 234.006400 268.221700 -580.529587
348 343.151000 192.934500 -385.566753
349 -54.985100 353.862400 -429.730590
350 112.168500 199.018900 -428.400193
351 155.748900 43.252600 -343.396257
352 86.115100 282.998900 -551.612057
353 -135.679200 66.263600 -255.752836
354 -180.383400 447.028200 -485.224925
355 -202.343200 264.537000 -271.243746
356 123.631000 56.738200 -341.166790
357 22.837700 225.633900 -436.993004
358 -11.612300 438.733900 -568.894882
359 101.128300 190.273400 -540.786594
360 190.493800 315.318700 -423.448218
361 -208.418000 256.873100 -360.820648
362 201.920700 264.575500 -470.246547
363 306.955100 435.617100 -497.867593
364 46.154800 369.064400 -445.140660
365 14.793700 169.160000 -443.237546
366 -316.561900 244.565800 -199.660997
367 24.038400 383.467900 -358.690451
368 46.453500 181.993400 -412.690064
369 -102.294500 253.823000 -388.290650
370 -139.662300 191.845800 -618.774916
371 371.431000 79.597000 -417.641442
372 -274.544600 210.066900 -482.235359
373 -189.225000 223.517000 -469.733314
374 278.335900 314.181700 -386.322111
375 94.833900 221.064200 -535.244604
376 350.665200 186.427800 -470.034929
377 -377.650100 316.903400 -421.667292
378 71.554700 240.135600 -479.145068
379 -167.190000 450.975000 -559.523328
380 98.496800 213.715800 -468.963247
381 185.293100 167.293700 -400.824899
382 253.127600 174.998100 -361.691008
383 153.607500 329.985000 -418.297490
384 -48.352800 294.755900 -276.451337
385 -63.257800 429.696300 -505.073786
386 -18.315200 472.790600 -358.619998
387 -182.390800 220.918600 -457.684078
388 39.928000 302.272300 -336.166527
389 159.749200 287.194200 -582.181804
390 131.072600 389.251400 -331.858311
391 496.086700 -93.020000 -332.685609
392 229.186200 168.974700 -456.117822
393 -80.310400 311.752700 -465.251827
394 -25.151000 176.146700 -240.455276
395 -167.507400 349.561300 -367.722637
396 159.354500 351.330900 -517.269866
397 189.805700 153.576100 -417.837837
398 162.208800 192.173300 -326.691635
399 -132.597600 233.152400 -423.035740
400 487.125300 132.334400 -463.863001
401 346.034500 217.212700 -434.221090
402 102.484400 190.387000 -442.884331
403 34.169900 325.787500 -659.065609
404 166.661500 430.752900 -537.885698
405 -35.934300 260.525800 -378.252181
406 137.211000 233.469800 -509.143016
407 41.405500 -34.666800 -356.406962
408 246.679700 279.168100 -601.978759
409 309.459400 208.534000 -454.377227
410 -134.207700 233.008900 -372.746777
411 -157.911000 276.815100 -414.368441
412 105.248400 246.224800 -369.308853
413 125.117900 407.053600 -430.364405
414 -6.189400 314.016200 -451.655957
415 -20.618300 173.413200 -289.297580
416 54.039400 253.853000 -470.914779
417 323.473300 325.071600 -582.229461
418 -63.688400 87.359100 -526.973474
419 -0.402800 222.395400 -502.978456
420 275.861200 344.307900 -433.781218
421 78.184200 316.473100 -447.295387
422 -79.608600 227.915600 -546.109768
423 93.600500 116.054300 -276.958804
424 -4.106200 308.755500 -435.191423
425 -220.689300 241.900400 -225.775934
426 226.930600 148.528500 -326.241418
427 28.151700 388.267800 -392.369425
428 -46.400100 341.581100 -484.061535
429 104.187700 272.706900 -324.815751
430 65.533000 275.143900 -510.865649
431 138.975500 319.664700 -440.099321
432 -31.259900 429.087800 -475.626590
433 195.731100 320.156700 -557.234828
434 -170.268200 315.436500 -303.877663
435 -472.014600 279.787900 -502.056929
436 327.095000 219.456200 -361.123424
437 68.459900 137.477300 -440.681128
438 -138.004900 326.108700 -451.143324
439 442.203700 225.629300 -550.909026
440 143.206300 209.480900 -510.830709
441 340.975600 320.658500 -411.575667
442 -21.753400 187.496600 -475.082841
443 -160.922000 254.361900 -452.031786
444 207.749300 225.543600 -551.594206
445 -37.573900 230.958100 -360.204659
446 -127.734600 329.488100 -350.292081
447 153.598300 485.949400 -539.104851
448 -125.342600 57.784900 -187.821211
449 475.829200 285.803200 -372.935846
450 -233.822400 139.933500 -410.109404
451 -21.844200 151.013800 -370.304225
452 171.158900 178.175600 -535.342082
453 113.015500 348.652600 -555.798998
454 -0.780600 382.837500 -606.483825
455 172.383700 292.734200 -318.960119
456 -116.768600 438.003400 -299.232280
457 99.560000 216.549900 -573.545573
458 209.991800 232.896400 -368.156638
459 -78.336600 258.043900 -381.553348
460 -2.620500 128.823400 -340.898462
461 -227.375800 305.486200 -335.394457
462 -165.081700 154.351400 -423.470144
463 210.580300 277.138800 -501.621577
464 102.044600 245.666700 -436.975954
465 171.378300 249.298800 -296.110548
466 -35.432100 303.174900 -483.255368
467 -204.812900 327.302500 -410.847229
468 286.332000 184.924300 -315.000842
469 413.799300 393.566400 -492.765569
470 259.318500 95.208700 -292.623989
471 34.199200 335.938700 -350.231914
472 -24.554600 293.865200 -363.478177
473 116.375500 211.627300 -404.400610
474 -126.678500 344.521900 -455.624450
475 -81.154500 270.862900 -360.778344
476 382.950100 232.783600 -467.726577
477 -148.937800 161.482400 -169.391206
478 17.089200 552.437400 -412.158083
479 114.999300 97.319300 -398.643432
480 136.962300 185.942900 -377.561319
481 253.453100 314.000800 -386.543468
482 27.745600 414.728000 -427.860327
483 119.474000 355.197600 -574.893544
484 -39.715400 138.868100 -357.074556
485 -144.984400 351.043300 -558.540181
486 261.860100 186.565800 -408.479603
487 117.040100 281.886200 -509.915864
488 -0.822300 95.176200 -505.323254
489 317.732800 403.018600 -555.299380
490 396.169000 61.019800 -460.489657
491 51.427400 355.680400 -368.327902
492 5.363400 176.141800 -432.842580
493 -121.841600 305.314400 -296.265289
494 -654.289200 463.806000 -260.538496
495 145.906500 333.512900 -543.234347
496 122.835600 161.382400 -358.199050
497 -394.367300 411.976300 -417.608565
498 80.950200 290.411900 -447.962390
499 -114.815000 236.542100 -540.741733
500 68.641800 157.179900 -350.023944
501 155.280600 364.794800 -544.134090
502 114.413200 174.318600 -483.557780
503 -175.799200 348.829900 -482.092384
504 166.091100 206.712800 -503.791988
505 243.735400 118.420300 -537.160502
506 143.405300 182.501800 -423.707964
507 268.548200 387.546300 -400.629811
508 39.310400 80.539500 -253.419366
509 234.624700 292.386000 -413.379177
510 -24.210300 117.064000 -587.758963
511 26.916700 68.665600 -357.597066
512 196.155300 246.693900 -472.810083
513 216.699200 219.292600 -421.813395
514 -28.849900 265.247600 -424.573246
515 76.126700 267.526300 -579.663696
516 -93.939500 65.570900 -260.511652
517 -223.036900 299.265600 -476.958239
518 51.140000 212.882000 -464.060990
519 95.030700 100.550500 -522.324476
520 -170.398300 266.402800 -367.843599
521 -13.569000 358.091600 -459.169914
522 -67.468900 146.012100 -303.213327
523 104.649500 51.297900 -348.522699
524 215.652300 269.504800 -535.400338
525 216.395900 182.157700 -428.427024
526 99.130400 195.200300 -468.378350
527 -199.020700 182.930700 -334.406013
528 -22.245400 255.788300 -371.824029
529 77.580700 241.840600 -331.161863
530 49.280000 307.419300 -446.995934
531 174.727400 74.731400 -525.387475
532 70.911000 126.785800 -394.003397
533 -57.692800 41.447000 -313.229311
534 -170.626900 213.369800 -263.837635
535 -26.173700 26.791100 -344.941534
536 -18.104500 157.840700 -272.218628
537 -126.061700 180.832100 -246.349747
538 108.638800 408.048100 -411.333834
539 210.864100 221.033400 -441.618497
540 -75.545100 -75.456100 -260.033556
541 -287.963900 243.652100 -399.347552
542 237.973000 184.210500 -361.854607
543 -308.750300 299.709000 -446.705296
544 230.820900 124.287200 -252.609119
545 185.458000 117.861400 -290.114749
546 93.390700 208.988600 -324.073495
547 17.498600 158.525700 -353.930582
548 -131.543400 57.985200 -198.501602
549 131.631700 191.573000 -142.675618
550 -16.428500 155.693900 -402.882854
551 -181.389700 370.200800 -333.578075
552 189.085900 222.115200 -406.702874
553 -231.869700 441.091400 -366.230133
554 78.824600 245.682400 -286.169564
555 -178.384800 140.565900 -248.973899
556 88.777200 278.616100 -251.485460
557 -126.886900 239.627100 -339.476561
558 -61.072200 207.391800 -248.380725
559 -42.745500 315.817300 -401.415444
560 455.820500 244.534900 -394.759178
561 200.451900 130.711300 -345.804041
562 137.134800 191.596900 -320.541854
563 88.101600 110.739800 -309.624221
564 147.532200 74.990700 -243.589493
565 67.650700 124.854300 -207.593931
566 267.984600 -19.628800 -329.261398
567 31.137000 265.938300 -469.295771
568 124.361600 159.121500 -319.593133
569 57.035500 272.140300 -534.310185
570 105.549800 310.994700 -295.974031
571 -218.808000 243.741200 -338.346734
572 -125.692600 249.395900 -252.657240
573 96.087300 190.596000 -317.017525
574 400.981400 81.402000 -384.092512
575 146.642100 106.059900 -371.254186
576 126.211400 189.782500 -426.792762
577 72.610100 61.607500 -361.632432
578 316.845800 241.029900 -522.053875
579 38.241200 233.666000 -409.822202
580 79.128400 142.871400 -344.595769
581 -101.996300 202.489600 -451.675652
582 158.746100 228.200700 -317.437310
583 215.070600 86.338500 -350.077504
584 144.808300 101.450400 -314.008100
585 211.030900 78.954200 -539.361953
586 -330.432200 229.591900 -359.691291
587 30.975500 216.351500 -357.735629
588 -182.619900 88.887800 -307.348303
589 126.866600 -84.207900 -313.080349
590 -56.663700 100.949200 -236.329972
591 -11.765600 192.808700 -457.027551
592 101.301300 58.890100 -300.713537
593 -22.049900 205.048300 -354.129510
594 -141.045000 202.061400 -526.550814
595 37.101600 145.919400 -404.656873
596 -102.928900 289.491900 -526.065058
597 172.971600 294.004600 -652.753621
598 135.366900 174.558700 -507.049921
599 -10.759900 121.873800 -349.469577
600 137.098300 241.830300 -344.084483
601 -92.056900 288.880700 -538.458391
602 -172.421600 231.396600 -509.600143
603 247.913700 89.226800 -325.460587
604 84.449200 99.408300 -357.429572
605 165.469000 123.567500 -308.562373
606 196.314500 309.603500 -529.443142
607 -9.201200 315.971500 -492.164715
608 77.735200 251.026800 -453.176456
609 -32.979700 360.516700 -429.642414
610 -0.639100 207.094600 -576.434918
611 213.533400 181.237500 -247.492069
612 -25.059000 334.880400 -414.200003
613 459.526800 23.296200 -401.139051
614 264.884500 198.498300 -263.154478
615 118.566200 97.020300 -381.484320
616 10.425600 284.447500 -260.491961
617 -215.204900 242.254600 -340.766626
618 -145.090500 119.433100 -347.742855
619 87.307900 208.478900 -388.953654
620 -126.763100 158.885500 -279.544031
621 -290.065300 112.572000 -199.848420
622 109.691600 282.219900 -398.531362
623 112.859300 100.229000 -555.045840
624 8.630800 165.624200 -226.280696
625 -104.635000 215.073100 -322.634472
626 135.782700 87.907100 -160.822885
627 93.919700 216.378700 -431.823968
628 -185.457200 225.612700 -250.416741
629 -664.303900 176.757400 -220.199823
630 -273.173500 196.423300 -290.937551
631 -171.690600 323.369600 -384.249963
632 79.156900 193.567000 -378.026940
633 -90.754500 187.523100 -327.351239
634 73.086500 149.369000 -394.868718
635 190.928100 152.271300 -369.404410
636 175.985200 195.407700 -356.085102
637 232.570900 149.338400 -465.606408
638 -30.468700 311.187700 -471.091620
639 -187.127600 325.797700 -456.095696
640 -165.985400 256.401900 -531.749186
641 -63.268100 230.131300 -365.167189
642 121.191900 478.771400 -517.050672
643 -40.704400 211.834700 -415.526037
644 -144.127400 240.269100 -482.755932
645 83.804500 358.574000 -403.868679
646 251.193800 312.782600 -527.244766
647 -84.406000 414.411400 -427.963953
648 -269.593000 181.720800 -207.566058
649 304.893100 -3.599800 -370.233533
650 97.052500 246.392600 -242.060803
651 331.408700 58.430400 -372.770321
652 281.714900 217.538600 -412.770706
653 75.415500 244.219000 -286.898269
654 13.409400 253.171500 -520.269704
655 -124.921700 318.076400 -526.884313
656 142.137400 470.715400 -634.851544
657 -302.821600 229.137000 -410.997906
658 -394.700000 166.545900 -278.844297
659 -91.650000 188.942000 -445.746526
660 -122.133500 393.422000 -485.234014
661 228.252600 224.074300 -380.027748
662 -152.797100 215.216400 -366.501425
663 -56.120500 195.039300 -374.067033
664 124.173600 309.299600 -609.106999
665 195.489700 340.921500 -423.326048
666 -11.139400 245.481100 -434.766936
667 -167.066600 192.196200 -321.533097
668 252.097900 148.370300 -249.085543
669 186.021400 107.341500 -292.170150
670 -0.186600 105.123000 -385.557548
671 112.119900 265.323700 -561.364825
672 162.793200 107.067400 -329.298453
673 122.022400 224.927800 -470.670577
674 -349.998900 218.842900 -363.381438
675 168.773900 162.818200 -391.227292
676 53.108500 184.778400 -426.559427
677 -0.647600 87.234700 -468.086272
678 -154.231300 193.318500 -429.349103
679 67.331800 152.603100 -370.663644
680 145.230000 255.396800 -398.820470
681 -62.574700 226.086500 -489.052685
682 71.893300 282.457000 -441.394384
683 -116.592100 324.058100 -554.023926
684 73.833100 353.280100 -569.705938
685 -315.768000 413.840700 -616.746441
686 225.464600 227.673800 -439.476857
687 100.405900 301.938500 -446.047891
688 -225.516600 546.590800 -573.601128
689 -113.250100 286.546300 -374.612369
690 -121.680800 314.809700 -628.259710
691 29.567500 202.660700 -442.889957
692 143.841200 274.274100 -414.801648
693 36.783800 293.690000 -433.397093
694 165.960700 257.623200 -518.017266
695 6.461300 172.514700 -438.200634
696 -227.611600 320.323500 -466.817069
697 3.727600 204.718200 -577.660509
698 -243.264600 169.183400 -381.448788
699 64.588100 209.840800 -347.709633
