#Res        AtomicFlx
 877.000      12.5697
 878.000      10.9284
 879.000      10.4635
 880.000       9.4010
 881.000       8.5558
 882.000       7.5447
 883.000       7.3694
 884.000       6.8176
 885.000       6.3161
 886.000       5.4059
 887.000       5.0713
 888.000       5.4065
 889.000       7.4232
 890.000       7.9043
 891.000       8.7825
 892.000      10.3703
 893.000      12.1721
 894.000      12.8033
 895.000      14.1422
 896.000      12.9166
 897.000      13.4009
 898.000      10.9085
 899.000       9.2160
 900.000       9.2991
 901.000       8.4150
 902.000       7.3990
 903.000       6.4493
 904.000       6.0991
 905.000       6.4093
 906.000       6.8450
 907.000       6.0942
 908.000       4.7740
 909.000       4.2629
 910.000       3.7364
 911.000       4.3527
 912.000       4.6404
 913.000       4.2254
 914.000       4.1699
 915.000       5.2189
 916.000       4.6510
 917.000       4.2277
 918.000       4.5187
 919.000       4.9940
 920.000       4.6769
 921.000       4.3803
 922.000       4.8512
 923.000       5.1987
 924.000       5.5434
 925.000       4.9431
 926.000       4.9255
 927.000       4.7951
 928.000       4.8925
 929.000       4.9398
 930.000       4.8410
 931.000       4.3525
 932.000       4.4583
 933.000       4.1954
 934.000       3.9321
 935.000       3.7701
 936.000       3.7352
 937.000       3.5100
 938.000       3.2972
 939.000       3.2201
 940.000       3.1557
 941.000       2.8533
 942.000       2.6445
 943.000       2.8253
 944.000       2.6876
 945.000       2.5006
 946.000       2.2207
 947.000       2.1831
 948.000       1.9744
 949.000       1.9598
 950.000       1.9494
 951.000       1.9492
 952.000       2.0925
 953.000       1.8803
 954.000       1.9337
 955.000       2.0918
 956.000       1.7262
 957.000       2.2266
 958.000       2.4375
 959.000       2.6144
 960.000       2.3120
 961.000       2.4169
 962.000       2.3943
 963.000       2.5886
 964.000       2.7492
 965.000       2.6375
 966.000       2.2569
 967.000       2.4018
 968.000       2.5376
 969.000       2.0214
 970.000       1.9510
 971.000       2.1745
 972.000       2.3873
 973.000       1.6855
 974.000       1.9549
 975.000       2.1037
 976.000       1.9854
 977.000       2.0504
 978.000       2.7547
 979.000       2.4850
 980.000       2.3081
 981.000       2.7573
 982.000       3.1120
 983.000       2.7216
 984.000       2.7088
 985.000       3.0895
 986.000       3.3745
 987.000       3.0665
 988.000       3.1867
 989.000       3.7314
 990.000       3.5702
 991.000       3.5254
 992.000       3.8526
 993.000       4.2352
 994.000       4.0167
 995.000       4.2255
 996.000       5.1398
 997.000       5.9737
 998.000       8.1101
