#Res        AtomicFlx
 525.000      10.2896
 526.000       9.7160
 527.000       8.8252
 528.000       8.5218
 529.000       7.2967
 530.000       7.0340
 531.000       6.5869
 532.000       6.0480
 533.000       7.3614
 534.000       8.5307
 535.000      10.3968
 536.000      11.6236
 537.000      10.7781
 538.000      10.4274
 539.000      10.2874
 540.000      10.7553
 541.000      11.3733
 542.000      10.5197
 543.000      10.3935
 544.000       9.7021
 545.000       8.3868
 546.000       7.3844
 547.000       6.1376
 548.000       5.9585
 549.000       5.3999
 550.000       4.1513
 551.000       4.9047
 552.000       3.7447
 553.000       3.0054
 554.000       2.7826
 555.000       2.9829
 556.000       2.7613
 557.000       2.4434
 558.000       2.4490
 559.000       2.7184
 560.000       2.9984
 561.000       2.8060
 562.000       2.8282
 563.000       3.6135
 564.000       3.3710
 565.000       3.2130
 566.000       3.4390
 567.000       3.9519
 568.000       3.9635
 569.000       3.7806
 570.000       4.1654
 571.000       4.3490
 572.000       4.5981
 573.000       3.9431
 574.000       3.6287
 575.000       3.2773
 576.000       3.1870
 577.000       3.1186
 578.000       3.0719
 579.000       2.6891
 580.000       2.7321
 581.000       2.3704
 582.000       2.2234
 583.000       2.4630
 584.000       2.1294
 585.000       1.8583
 586.000       2.3127
 587.000       2.1014
 588.000       1.8457
 589.000       1.8773
 590.000       2.1668
 591.000       2.1774
 592.000       2.2183
 593.000       2.1195
 594.000       2.5204
 595.000       2.4496
 596.000       2.5593
 597.000       2.9454
 598.000       2.9684
 599.000       2.9396
 600.000       3.1611
 601.000       3.5354
 602.000       3.6171
 603.000       3.7472
 604.000       3.7957
 605.000       4.3325
 606.000       4.6738
 607.000       4.1008
 608.000       3.5450
 609.000       3.3922
 610.000       3.0777
 611.000       3.3705
 612.000       3.4745
 613.000       4.1152
 614.000       3.4759
 615.000       3.1190
 616.000       3.7242
 617.000       3.5872
 618.000       3.1544
 619.000       3.2482
 620.000       4.1052
 621.000       3.3613
 622.000       2.9848
 623.000       3.2672
 624.000       3.5682
 625.000       3.9577
 626.000       4.4159
 627.000       3.5580
 628.000       3.6194
 629.000       4.2360
 630.000       4.0121
 631.000       3.4327
 632.000       3.7248
 633.000       3.9499
 634.000       3.7041
 635.000       3.4711
 636.000       3.8721
 637.000       4.0360
 638.000       3.5315
 639.000       3.6666
 640.000       4.0900
 641.000       4.0172
 642.000       3.5420
 643.000       4.0696
 644.000       4.7308
 645.000       5.2215
 646.000       7.0221
