#Res        AtomicFlx
 877.000      15.2551
 878.000      13.8095
 879.000      13.6711
 880.000      12.0120
 881.000      11.3025
 882.000      10.0419
 883.000      10.1397
 884.000      10.6803
 885.000       9.7389
 886.000       8.7722
 887.000       8.7358
 888.000       8.9697
 889.000       8.8027
 890.000       8.2199
 891.000       9.4405
 892.000       9.6922
 893.000      10.1936
 894.000       7.5534
 895.000       7.4157
 896.000       6.3192
 897.000       5.3275
 898.000       4.2965
 899.000       3.4729
 900.000       4.2641
 901.000       5.7338
 902.000       4.6243
 903.000       3.9650
 904.000       3.5955
 905.000       3.3450
 906.000       3.2943
 907.000       3.2845
 908.000       2.7724
 909.000       2.5115
 910.000       2.3906
 911.000       2.9479
 912.000       3.3003
 913.000       3.0362
 914.000       3.0957
 915.000       3.8426
 916.000       3.6378
 917.000       3.3628
 918.000       3.6724
 919.000       4.1343
 920.000       4.0309
 921.000       3.8486
 922.000       4.3151
 923.000       4.4943
 924.000       4.8179
 925.000       4.1578
 926.000       3.9186
 927.000       3.5245
 928.000       3.4428
 929.000       3.2346
 930.000       3.2937
 931.000       3.0248
 932.000       3.0757
 933.000       2.6294
 934.000       2.6156
 935.000       2.6578
 936.000       2.2681
 937.000       2.0903
 938.000       2.2348
 939.000       1.9834
 940.000       1.7710
 941.000       1.7172
 942.000       1.6810
 943.000       1.6963
 944.000       1.6041
 945.000       1.5584
 946.000       1.4365
 947.000       1.2578
 948.000       1.1072
 949.000       1.3263
 950.000       1.3892
 951.000       1.3466
 952.000       1.2454
 953.000       1.5219
 954.000       1.7494
 955.000       1.8624
 956.000       1.5402
 957.000       2.2153
 958.000       2.5503
 959.000       2.6359
 960.000       2.3819
 961.000       2.3126
 962.000       1.9701
 963.000       2.2520
 964.000       2.3743
 965.000       2.7327
 966.000       1.9560
 967.000       1.8322
 968.000       2.2998
 969.000       1.7046
 970.000       1.4678
 971.000       1.7738
 972.000       2.2000
 973.000       1.3827
 974.000       1.6636
 975.000       1.9246
 976.000       2.1867
 977.000       2.4498
 978.000       3.0052
 979.000       2.5262
 980.000       2.3079
 981.000       2.8394
 982.000       3.1207
 983.000       2.4686
 984.000       2.5153
 985.000       2.9685
 986.000       3.0659
 987.000       2.7259
 988.000       2.9444
 989.000       3.4446
 990.000       3.1208
 991.000       3.1392
 992.000       3.5089
 993.000       3.8208
 994.000       3.3933
 995.000       3.7817
 996.000       5.1189
 997.000       6.2095
 998.000       8.2080
