#Res        AtomicFlx
 525.000       6.7168
 526.000       5.3781
 527.000       6.3528
 528.000       7.2166
 529.000       6.9402
 530.000       7.4243
 531.000       7.8910
 532.000       7.1070
 533.000       6.5086
 534.000       7.5174
 535.000       8.1770
 536.000       7.8298
 537.000       8.0288
 538.000       8.7398
 539.000       8.3062
 540.000       7.4563
 541.000       7.9071
 542.000       8.4658
 543.000       7.8462
 544.000       7.3476
 545.000       6.3368
 546.000       5.7820
 547.000       5.2344
 548.000       4.8876
 549.000       4.2755
 550.000       3.6840
 551.000       4.2163
 552.000       3.1582
 553.000       3.0101
 554.000       3.8725
 555.000       3.1452
 556.000       2.8418
 557.000       2.4934
 558.000       2.4152
 559.000       2.8266
 560.000       3.3051
 561.000       3.0595
 562.000       2.9038
 563.000       3.8848
 564.000       3.5546
 565.000       3.2395
 566.000       3.4615
 567.000       4.0173
 568.000       3.9627
 569.000       3.6844
 570.000       4.0310
 571.000       4.3224
 572.000       4.4952
 573.000       3.7685
 574.000       3.4751
 575.000       3.1094
 576.000       2.8890
 577.000       2.7917
 578.000       2.6681
 579.000       2.4841
 580.000       2.7326
 581.000       2.1822
 582.000       2.0616
 583.000       2.2986
 584.000       2.0751
 585.000       1.7245
 586.000       2.0373
 587.000       1.8311
 588.000       1.6875
 589.000       1.5269
 590.000       1.5403
 591.000       1.6318
 592.000       1.7819
 593.000       1.7558
 594.000       1.3627
 595.000       1.2294
 596.000       1.2938
 597.000       1.7440
 598.000       1.3184
 599.000       1.4313
 600.000       2.6834
 601.000       1.5786
 602.000       1.5991
 603.000       1.9717
 604.000       1.9330
 605.000       2.0027
 606.000       2.3993
 607.000       2.2309
 608.000       1.9248
 609.000       1.7608
 610.000       1.5239
 611.000       1.5362
 612.000       1.8026
 613.000       2.4154
 614.000       1.4025
 615.000       1.5288
 616.000       2.0610
 617.000       1.6100
 618.000       1.5016
 619.000       1.7883
 620.000       2.3490
 621.000       1.7518
 622.000       1.8724
 623.000       2.1217
 624.000       2.4555
 625.000       2.7661
 626.000       3.3622
 627.000       2.6647
 628.000       2.4386
 629.000       3.0583
 630.000       3.3109
 631.000       2.4156
 632.000       2.4131
 633.000       2.8702
 634.000       2.9823
 635.000       2.4826
 636.000       2.6709
 637.000       3.2507
 638.000       2.8618
 639.000       2.7294
 640.000       3.1414
 641.000       3.5226
 642.000       3.1057
 643.000       3.2614
 644.000       3.8238
 645.000       4.8860
 646.000       6.9583
