#Res        AtomicFlx
 877.000      10.8498
 878.000      10.6239
 879.000      10.1216
 880.000       9.9390
 881.000       9.6688
 882.000       9.2732
 883.000       9.3211
 884.000       9.8084
 885.000       9.6443
 886.000       8.8717
 887.000       8.5674
 888.000       8.4871
 889.000       8.4677
 890.000       8.6141
 891.000       9.0287
 892.000       9.5015
 893.000      11.2676
 894.000      10.2642
 895.000      11.2497
 896.000      10.1772
 897.000       9.4519
 898.000       9.1315
 899.000       8.1824
 900.000       7.7532
 901.000       7.0900
 902.000       7.3206
 903.000       6.9408
 904.000       7.3110
 905.000       6.4712
 906.000       6.5569
 907.000       5.9997
 908.000       5.4599
 909.000       5.2316
 910.000       4.6966
 911.000       5.1688
 912.000       5.4428
 913.000       5.0195
 914.000       4.7196
 915.000       5.6181
 916.000       5.1570
 917.000       4.5600
 918.000       4.8567
 919.000       5.2900
 920.000       4.9025
 921.000       4.5903
 922.000       5.1292
 923.000       5.3316
 924.000       5.8171
 925.000       5.4013
 926.000       5.4652
 927.000       5.4351
 928.000       5.6952
 929.000       5.8565
 930.000       5.7842
 931.000       5.1588
 932.000       5.1586
 933.000       5.1580
 934.000       4.7577
 935.000       4.4488
 936.000       4.7029
 937.000       4.4244
 938.000       3.9674
 939.000       4.0423
 940.000       4.2268
 941.000       3.7078
 942.000       3.4591
 943.000       3.9267
 944.000       3.8930
 945.000       3.1980
 946.000       3.1500
 947.000       3.4054
 948.000       3.1588
 949.000       2.8969
 950.000       3.2844
 951.000       3.4126
 952.000       2.9458
 953.000       3.1479
 954.000       3.6008
 955.000       3.4852
 956.000       2.9232
 957.000       3.7080
 958.000       4.2160
 959.000       4.4658
 960.000       4.7028
 961.000       4.5469
 962.000       4.1189
 963.000       4.0722
 964.000       3.9175
 965.000       3.9839
 966.000       3.5549
 967.000       3.3786
 968.000       3.3575
 969.000       2.9606
 970.000       2.8305
 971.000       2.8625
 972.000       3.0527
 973.000       2.5441
 974.000       2.7538
 975.000       2.8026
 976.000       2.8703
 977.000       2.8569
 978.000       3.5020
 979.000       3.0708
 980.000       2.8638
 981.000       3.3098
 982.000       3.3438
 983.000       3.1580
 984.000       3.2114
 985.000       3.4835
 986.000       3.6840
 987.000       3.6914
 988.000       3.8045
 989.000       4.1310
 990.000       4.2880
 991.000       4.4291
 992.000       4.5703
 993.000       4.9194
 994.000       5.2816
 995.000       5.7607
 996.000       8.5121
 997.000       9.4072
 998.000       9.8595
