#Res        AtomicFlx
 525.000       9.2610
 526.000       8.9014
 527.000       8.8863
 528.000       9.2052
 529.000       9.2853
 530.000       8.7572
 531.000       8.7106
 532.000       9.7770
 533.000      10.3962
 534.000      11.5144
 535.000      11.7355
 536.000      12.9224
 537.000      13.0416
 538.000      12.9779
 539.000      13.1758
 540.000      13.5745
 541.000      13.4474
 542.000      12.3348
 543.000      13.5598
 544.000      11.6696
 545.000      10.5692
 546.000       8.7285
 547.000       7.4309
 548.000       7.4095
 549.000       6.4234
 550.000       5.8936
 551.000       5.4535
 552.000       4.7426
 553.000       4.5882
 554.000       4.6388
 555.000       4.0788
 556.000       3.8293
 557.000       3.0317
 558.000       2.9155
 559.000       2.8137
 560.000       3.2191
 561.000       3.2535
 562.000       2.6191
 563.000       3.1987
 564.000       3.3476
 565.000       2.8797
 566.000       2.7012
 567.000       3.2656
 568.000       3.5126
 569.000       3.0105
 570.000       3.0891
 571.000       3.2220
 572.000       3.4238
 573.000       2.9492
 574.000       2.7273
 575.000       2.5859
 576.000       2.6235
 577.000       2.7966
 578.000       2.7654
 579.000       2.2693
 580.000       2.5987
 581.000       2.3024
 582.000       2.0508
 583.000       2.1701
 584.000       2.3710
 585.000       2.0326
 586.000       2.2698
 587.000       2.3875
 588.000       2.4391
 589.000       2.2082
 590.000       2.4689
 591.000       2.9874
 592.000       2.9918
 593.000       2.6659
 594.000       3.1310
 595.000       3.2932
 596.000       3.2493
 597.000       3.5048
 598.000       3.8424
 599.000       3.8232
 600.000       4.0226
 601.000       4.2321
 602.000       4.5045
 603.000       4.3402
 604.000       4.1824
 605.000       5.2347
 606.000       5.3215
 607.000       5.5338
 608.000       5.1037
 609.000       5.0825
 610.000       4.5483
 611.000       4.8328
 612.000       4.7091
 613.000       5.2217
 614.000       4.5396
 615.000       4.0057
 616.000       4.5353
 617.000       4.2799
 618.000       3.6961
 619.000       3.6937
 620.000       4.4604
 621.000       3.7827
 622.000       3.2891
 623.000       3.4429
 624.000       3.6857
 625.000       4.2407
 626.000       4.5472
 627.000       3.6311
 628.000       3.9165
 629.000       4.6316
 630.000       4.0524
 631.000       3.7866
 632.000       4.2774
 633.000       4.4274
 634.000       4.0713
 635.000       4.2468
 636.000       4.7361
 637.000       4.7322
 638.000       4.5258
 639.000       4.9166
 640.000       5.2733
 641.000       5.1176
 642.000       5.2374
 643.000       5.7472
 644.000       6.0926
 645.000       6.8794
 646.000       8.1946
