#Res        AtomicFlx
 877.000      14.6252
 878.000      12.6230
 879.000      10.9306
 880.000       9.3973
 881.000       8.5336
 882.000       7.6141
 883.000       8.0623
 884.000       7.7108
 885.000       9.6269
 886.000       8.8269
 887.000       8.6874
 888.000       8.9862
 889.000       8.7633
 890.000       8.0530
 891.000       7.9734
 892.000       6.3232
 893.000       6.3897
 894.000       6.0190
 895.000       5.9554
 896.000       5.0493
 897.000       5.7247
 898.000       5.8647
 899.000       4.8365
 900.000       4.4517
 901.000       4.7240
 902.000       5.0825
 903.000       4.8996
 904.000       4.4787
 905.000       3.4387
 906.000       3.3353
 907.000       3.5403
 908.000       3.0462
 909.000       2.7391
 910.000       2.6370
 911.000       3.0311
 912.000       3.3791
 913.000       3.1743
 914.000       3.2451
 915.000       3.9453
 916.000       3.7871
 917.000       3.6882
 918.000       3.9477
 919.000       4.3111
 920.000       4.5582
 921.000       4.3801
 922.000       4.9247
 923.000       4.8870
 924.000       5.2956
 925.000       4.4188
 926.000       4.0121
 927.000       3.5549
 928.000       3.3496
 929.000       3.0620
 930.000       3.0963
 931.000       2.9665
 932.000       2.9901
 933.000       2.4913
 934.000       2.5350
 935.000       2.7829
 936.000       2.3597
 937.000       2.1292
 938.000       2.5222
 939.000       2.3167
 940.000       2.0669
 941.000       1.9699
 942.000       2.1217
 943.000       2.1303
 944.000       2.1064
 945.000       2.1560
 946.000       2.0721
 947.000       1.8619
 948.000       1.6782
 949.000       1.9857
 950.000       1.9998
 951.000       1.8199
 952.000       2.5357
 953.000       2.2929
 954.000       2.2397
 955.000       2.1531
 956.000       2.1864
 957.000       2.7251
 958.000       2.8921
 959.000       2.9583
 960.000       2.6696
 961.000       2.7618
 962.000       2.5512
 963.000       2.8774
 964.000       3.0981
 965.000       3.2676
 966.000       2.7259
 967.000       2.6989
 968.000       3.2443
 969.000       2.7694
 970.000       2.5693
 971.000       2.8399
 972.000       3.3625
 973.000       2.6745
 974.000       2.6257
 975.000       3.0729
 976.000       3.3603
 977.000       3.5691
 978.000       4.3048
 979.000       3.5637
 980.000       3.3587
 981.000       3.9804
 982.000       3.9141
 983.000       3.3427
 984.000       3.4187
 985.000       3.7729
 986.000       3.7231
 987.000       3.3967
 988.000       3.6461
 989.000       4.0170
 990.000       3.6310
 991.000       3.6515
 992.000       4.0395
 993.000       4.1780
 994.000       3.8432
 995.000       4.1791
 996.000       4.6528
 997.000       5.7491
 998.000       7.7157
