#Res        AtomicFlx
 525.000       7.5628
 526.000       6.3933
 527.000       7.6332
 528.000       8.2404
 529.000       8.2048
 530.000       7.9732
 531.000       7.4538
 532.000       6.9982
 533.000       6.9125
 534.000       6.2846
 535.000       6.0855
 536.000       6.0552
 537.000       6.0913
 538.000       5.7182
 539.000       7.0379
 540.000       7.0449
 541.000       7.4637
 542.000       7.0354
 543.000       8.3523
 544.000       8.3157
 545.000       7.0532
 546.000       6.9115
 547.000       5.6801
 548.000       5.3529
 549.000       5.2857
 550.000       4.8110
 551.000       5.9506
 552.000       4.7149
 553.000       3.7665
 554.000       4.3530
 555.000       4.2209
 556.000       3.6534
 557.000       2.8404
 558.000       2.6046
 559.000       2.8359
 560.000       3.2114
 561.000       2.9938
 562.000       2.6520
 563.000       3.4557
 564.000       3.2603
 565.000       2.7742
 566.000       2.8815
 567.000       3.3871
 568.000       3.4505
 569.000       3.0083
 570.000       3.1968
 571.000       3.5880
 572.000       3.8542
 573.000       3.3875
 574.000       3.2002
 575.000       2.9604
 576.000       2.9514
 577.000       2.9576
 578.000       2.9603
 579.000       2.5621
 580.000       2.8208
 581.000       2.5569
 582.000       2.2524
 583.000       2.2085
 584.000       2.3586
 585.000       2.0394
 586.000       1.8987
 587.000       1.9358
 588.000       2.0808
 589.000       1.6871
 590.000       1.5239
 591.000       1.8590
 592.000       1.8969
 593.000       1.5249
 594.000       1.2736
 595.000       1.4216
 596.000       1.3099
 597.000       1.2315
 598.000       1.3225
 599.000       1.5701
 600.000       1.6574
 601.000       1.3342
 602.000       1.6629
 603.000       2.1200
 604.000       1.4328
 605.000       1.9161
 606.000       2.3123
 607.000       2.2061
 608.000       2.4184
 609.000       2.2740
 610.000       2.0077
 611.000       2.0935
 612.000       2.1523
 613.000       2.1554
 614.000       1.5841
 615.000       1.5601
 616.000       1.8582
 617.000       1.2575
 618.000       1.0295
 619.000       1.2531
 620.000       1.6927
 621.000       1.0376
 622.000       1.2309
 623.000       1.4491
 624.000       1.7848
 625.000       1.9683
 626.000       2.7329
 627.000       1.9405
 628.000       1.7147
 629.000       2.4668
 630.000       2.4966
 631.000       1.8899
 632.000       2.0163
 633.000       2.4534
 634.000       2.5714
 635.000       2.3592
 636.000       2.6115
 637.000       3.1074
 638.000       2.9006
 639.000       3.0001
 640.000       3.3710
 641.000       3.6444
 642.000       3.5653
 643.000       3.8171
 644.000       4.2655
 645.000       4.9198
 646.000       6.7979
