#Res        AtomicFlx
 877.000      25.4612
 878.000      24.2724
 879.000      23.0424
 880.000      21.7599
 881.000      20.4754
 882.000      18.6927
 883.000      17.7848
 884.000      16.2268
 885.000      15.2753
 886.000      13.8113
 887.000      12.8222
 888.000      12.4603
 889.000      12.3005
 890.000      11.8203
 891.000      12.2687
 892.000      10.8095
 893.000      11.7342
 894.000       9.1606
 895.000       8.8275
 896.000       7.6824
 897.000       6.8619
 898.000       5.7891
 899.000       4.1738
 900.000       4.5252
 901.000       3.4863
 902.000       3.4901
 903.000       3.5581
 904.000       4.5895
 905.000       4.3674
 906.000       4.0973
 907.000       3.5212
 908.000       3.8426
 909.000       3.8617
 910.000       3.9964
 911.000       4.5511
 912.000       5.1250
 913.000       5.0477
 914.000       5.0146
 915.000       5.9602
 916.000       6.0187
 917.000       5.7598
 918.000       5.9966
 919.000       6.6210
 920.000       6.7835
 921.000       6.5234
 922.000       7.0230
 923.000       7.2934
 924.000       7.4372
 925.000       6.4774
 926.000       5.9104
 927.000       5.2202
 928.000       4.8183
 929.000       4.3467
 930.000       4.1340
 931.000       4.2798
 932.000       4.3939
 933.000       3.5051
 934.000       3.6226
 935.000       4.0673
 936.000       3.3892
 937.000       2.9466
 938.000       3.5539
 939.000       3.3960
 940.000       2.8505
 941.000       2.5165
 942.000       2.9805
 943.000       3.0776
 944.000       2.4093
 945.000       2.5004
 946.000       2.8843
 947.000       2.6394
 948.000       2.1660
 949.000       2.4222
 950.000       2.7967
 951.000       2.5317
 952.000       2.2199
 953.000       2.7346
 954.000       2.9931
 955.000       2.7194
 956.000       2.2062
 957.000       3.3302
 958.000       3.6015
 959.000       3.8448
 960.000       3.9849
 961.000       4.1927
 962.000       3.8652
 963.000       4.2489
 964.000       4.5269
 965.000       4.6709
 966.000       3.6845
 967.000       3.7728
 968.000       4.1966
 969.000       3.4298
 970.000       3.1447
 971.000       3.6397
 972.000       3.9867
 973.000       2.9697
 974.000       3.0927
 975.000       3.7675
 976.000       4.1741
 977.000       4.5346
 978.000       5.5628
 979.000       4.7994
 980.000       4.4795
 981.000       5.2343
 982.000       5.6460
 983.000       4.8363
 984.000       4.8889
 985.000       5.6137
 986.000       5.7273
 987.000       5.2691
 988.000       5.6045
 989.000       6.3124
 990.000       5.9287
 991.000       5.8717
 992.000       6.4867
 993.000       6.8872
 994.000       6.3268
 995.000       6.8088
 996.000       7.8381
 997.000       8.6011
 998.000       9.5556
