#Res        AtomicFlx
 525.000      11.6435
 526.000      10.2635
 527.000      10.6764
 528.000       9.9925
 529.000       9.4291
 530.000       8.8883
 531.000       8.7097
 532.000       9.0631
 533.000       7.9164
 534.000       7.4551
 535.000       7.5485
 536.000       7.3593
 537.000       8.3467
 538.000       8.3543
 539.000       9.7591
 540.000      10.1835
 541.000      10.6875
 542.000      10.3516
 543.000       9.8507
 544.000       8.7905
 545.000       8.5183
 546.000       8.1386
 547.000       6.3299
 548.000       6.1831
 549.000       4.9900
 550.000       4.6086
 551.000       4.5241
 552.000       3.6312
 553.000       3.6395
 554.000       3.8781
 555.000       3.5896
 556.000       3.2684
 557.000       2.8447
 558.000       2.8183
 559.000       3.1792
 560.000       3.9074
 561.000       3.7865
 562.000       3.4894
 563.000       4.3994
 564.000       4.6241
 565.000       4.2965
 566.000       4.3968
 567.000       5.0503
 568.000       5.3833
 569.000       4.9652
 570.000       5.0755
 571.000       5.5131
 572.000       5.6210
 573.000       4.7342
 574.000       4.1199
 575.000       3.5289
 576.000       3.0469
 577.000       2.7408
 578.000       2.6646
 579.000       2.6636
 580.000       2.9019
 581.000       2.1178
 582.000       2.1619
 583.000       2.6136
 584.000       2.1684
 585.000       1.7323
 586.000       2.2809
 587.000       2.1834
 588.000       1.8979
 589.000       1.5675
 590.000       1.8499
 591.000       2.1766
 592.000       1.8663
 593.000       1.7392
 594.000       1.8357
 595.000       1.8025
 596.000       1.5091
 597.000       1.6357
 598.000       1.8750
 599.000       1.9424
 600.000       1.7385
 601.000       1.9276
 602.000       2.3139
 603.000       2.5109
 604.000       2.0150
 605.000       2.6028
 606.000       3.1439
 607.000       3.1590
 608.000       3.4923
 609.000       3.4209
 610.000       2.9767
 611.000       3.2288
 612.000       3.3934
 613.000       3.2031
 614.000       2.5559
 615.000       2.6269
 616.000       3.1178
 617.000       2.2729
 618.000       1.9815
 619.000       2.4389
 620.000       2.9282
 621.000       1.9387
 622.000       2.1073
 623.000       2.6377
 624.000       3.0995
 625.000       3.5738
 626.000       4.4920
 627.000       3.5711
 628.000       3.3450
 629.000       4.2265
 630.000       4.2766
 631.000       3.5875
 632.000       3.6795
 633.000       4.3946
 634.000       4.4656
 635.000       4.0442
 636.000       4.3872
 637.000       5.1114
 638.000       4.7519
 639.000       4.7303
 640.000       5.3345
 641.000       5.7340
 642.000       5.3262
 643.000       5.7451
 644.000       6.6998
 645.000       7.0614
 646.000       8.3377
