#Frame   AVERAGE_00010 AVERAGE_00010[SD]
       1        9.0947            1.7862
       2        8.1305            1.9106
       3        8.4748            1.4388
       4        8.6353            0.9326
       5        8.2312            1.0086
       6        8.0154            0.7248
       7        7.8704            0.8040
       8        7.7987            1.3926
       9        7.8190            1.3711
      10        8.2604            1.7757
      11        8.7887            2.0243
      12        9.1581            2.6411
      13        9.2573            2.4081
      14        9.2435            2.4008
      15        9.7133            2.0716
      16        9.8029            2.3829
      17       10.1758            2.2317
      18        9.7415            1.8250
      19       10.0005            2.0101
      20        9.1651            1.4647
      21        8.1729            1.4514
      22        7.3890            1.0165
      23        6.1626            0.7391
      24        5.9583            0.8567
      25        5.2749            0.6949
      26        4.6297            0.7422
      27        5.0098            0.6259
      28        3.9983            0.6281
      29        3.6019            0.5844
      30        3.9050            0.6326
      31        3.6035            0.4904
      32        3.2708            0.4247
      33        2.7307            0.2256
      34        2.6405            0.1980
      35        2.8748            0.1579
      36        3.3283            0.3067
      37        3.1799            0.3354
      38        2.8985            0.3140
      39        3.7104            0.4102
      40        3.6315            0.5055
      41        3.2806            0.5395
      42        3.3760            0.5921
      43        3.9344            0.6323
      44        4.0545            0.6987
      45        3.6898            0.7157
      46        3.9116            0.7240
      47        4.1989            0.7864
      48        4.3985            0.7470
      49        3.7565            0.5964
      50        3.4302            0.4613
      51        3.0924            0.3159
      52        2.9396            0.1873
      53        2.8811            0.1393
      54        2.8261            0.1632
      55        2.5336            0.1511
      56        2.7572            0.1013
      57        2.3059            0.1535
      58        2.1500            0.0821
      59        2.3508            0.1657
      60        2.2205            0.1216
      61        1.8774            0.1379
      62        2.1599            0.1633
      63        2.0878            0.1940
      64        1.9902            0.2572
      65        1.7734            0.2492
      66        1.9100            0.3654
      67        2.1664            0.4593
      68        2.1510            0.4457
      69        1.9611            0.4009
      70        2.0247            0.7082
      71        2.0393            0.7529
      72        1.9843            0.7859
      73        2.2123            0.8628
      74        2.2653            0.9919
      75        2.3413            0.9095
      76        2.6526            0.8902
      77        2.5216            1.1494
      78        2.7395            1.1425
      79        2.9380            0.9387
      80        2.6718            1.1007
      81        3.2178            1.3311
      82        3.5702            1.2182
      83        3.4461            1.2557
      84        3.2968            1.0971
      85        3.1861            1.1452
      86        2.8269            1.0409
      87        3.0124            1.1413
      88        3.1064            1.0389
      89        3.4222            1.1300
      90        2.7116            1.1777
      91        2.5681            0.9455
      92        3.0593            1.0063
      93        2.6015            1.1564
      94        2.2726            1.0028
      95        2.4844            0.8998
      96        3.1071            1.0426
      97        2.3744            1.0317
      98        2.2969            0.7497
      99        2.5837            0.7361
     100        2.9187            0.7132
     101        3.3013            0.8308
     102        3.9100            0.7330
     103        3.0731            0.6699
     104        3.0068            0.8136
     105        3.7238            0.8200
     106        3.6297            0.6525
     107        3.0225            0.7379
     108        3.2222            0.8584
     109        3.6191            0.8104
     110        3.5589            0.6947
     111        3.3208            0.7785
     112        3.6556            0.8729
     113        4.0475            0.7899
     114        3.7143            0.7947
     115        3.8086            0.8850
     116        4.2420            0.9220
     117        4.4072            0.8697
     118        4.1553            0.9346
     119        4.5281            1.0284
     120        5.1225            1.0958
     121        5.7936            0.9696
     122        7.4621            0.6621
