#Frame   AVERAGE_00010 AVERAGE_00010[SD]
       1       15.7522            5.0979
       2       14.4514            5.0452
       3       13.6458            4.8624
       4       12.5018            4.7281
       5       11.7072            4.4990
       6       10.6333            4.1427
       7       10.5355            3.7503
       8       10.2488            3.2964
       9       10.1203            2.8866
      10        9.1376            2.6859
      11        8.7768            2.4556
      12        8.8620            2.2386
      13        9.1515            1.6519
      14        8.9223            1.4682
      15        9.4988            1.4654
      16        9.3393            1.5794
      17       10.3514            2.0874
      18        9.1601            2.3212
      19        9.5181            2.8973
      20        8.4289            2.8152
      21        8.1534            2.9925
      22        7.1981            2.4367
      23        5.9763            2.2881
      24        6.0587            2.0749
      25        5.8898            1.7307
      26        5.5833            1.5406
      27        5.1626            1.3338
      28        5.2148            1.3214
      29        4.8063            1.3813
      30        4.8258            1.5602
      31        4.4880            1.2764
      32        3.9790            1.0168
      33        3.7214            1.0022
      34        3.4914            0.8613
      35        4.0103            0.8763
      36        4.3775            0.8854
      37        4.1006            0.8658
      38        4.0490            0.7683
      39        4.9170            0.8683
      40        4.6503            0.8831
      41        4.3197            0.8312
      42        4.5984            0.8135
      43        5.0701            0.8844
      44        4.9904            0.9411
      45        4.7445            0.9226
      46        5.2486            0.9270
      47        5.4410            0.9701
      48        5.7822            0.8904
      49        5.0797            0.8200
      50        4.8464            0.7846
      51        4.5060            0.8155
      52        4.4397            0.9063
      53        4.2879            1.0489
      54        4.2298            0.9960
      55        3.9565            0.8432
      56        4.0153            0.8462
      57        3.5958            0.9962
      58        3.4926            0.8363
      59        3.5454            0.7083
      60        3.2910            0.9071
      61        3.0201            0.8804
      62        3.1151            0.6448
      63        2.9917            0.7472
      64        2.8142            0.8672
      65        2.5529            0.7019
      66        2.5774            0.6254
      67        2.7312            0.7733
      68        2.5401            0.7659
      69        2.3827            0.5335
      70        2.3527            0.6089
      71        2.2695            0.7245
      72        2.0169            0.6738
      73        2.1182            0.5232
      74        2.2839            0.6719
      75        2.2120            0.7093
      76        2.2079            0.5642
      77        2.3155            0.5811
      78        2.5033            0.6938
      79        2.4624            0.5840
      80        2.1164            0.4792
      81        2.8410            0.5956
      82        3.1395            0.6743
      83        3.3038            0.7326
      84        3.2102            0.9605
      85        3.2462            0.9361
      86        2.9799            0.8518
      87        3.2078            0.8046
      88        3.3332            0.7851
      89        3.4585            0.7724
      90        2.8356            0.6868
      91        2.8169            0.6907
      92        3.1272            0.6697
      93        2.5772            0.6295
      94        2.3927            0.6064
      95        2.6581            0.6410
      96        2.9978            0.6516
      97        2.2513            0.6092
      98        2.4181            0.5281
      99        2.7343            0.6693
     100        2.9154            0.7975
     101        3.0922            0.8788
     102        3.8259            1.0171
     103        3.2890            0.8524
     104        3.0636            0.8092
     105        3.6242            0.9149
     106        3.8273            0.9550
     107        3.3054            0.8256
     108        3.3486            0.8367
     109        3.7856            0.9577
     110        3.9150            0.9368
     111        3.6299            0.8809
     112        3.8372            0.9361
     113        4.3273            1.0208
     114        4.1077            0.9837
     115        4.1234            0.9694
     116        4.4916            1.0550
     117        4.8081            1.0986
     118        4.5723            1.0781
     119        4.9512            1.1486
     120        6.2523            1.5939
     121        7.1881            1.5116
     122        8.6898            0.8526
