#Frame   AVERAGE_00010 AVERAGE_00010[SD]
       1       11.4853            4.6522
       2       10.6088            4.6007
       3        9.8649            3.8807
       4        8.7371            3.2861
       5        8.3485            3.4467
       6        7.6147            2.6576
       7        7.3849            2.0198
       8        7.6712            2.2980
       9        7.6811            2.3533
      10        6.6631            2.4886
      11        6.7717            2.3755
      12        7.0934            2.4198
      13        7.5770            2.1879
      14        7.4372            2.5699
      15        7.7273            2.7754
      16        7.8680            2.7704
      17        9.0094            2.4287
      18        7.9655            1.9914
      19        8.3753            2.4875
      20        7.6921            1.8394
      21        6.8159            1.2959
      22        5.7136            1.6150
      23        4.2921            1.4834
      24        4.1479            1.1002
      25        3.1572            0.7507
      26        2.2987            0.6513
      27        2.6871            0.4112
      28        2.4760            0.3179
      29        2.0569            0.3125
      30        1.8235            0.2535
      31        2.0432            0.2659
      32        1.5766            0.2702
      33        1.1940            0.2344
      34        1.1462            0.2242
      35        1.2445            0.3039
      36        1.5080            0.2588
      37        1.1930            0.2338
      38        1.2107            0.3465
      39        1.9170            0.4155
      40        1.5019            0.3429
      41        1.2770            0.4000
      42        1.4357            0.4889
      43        1.8203            0.4567
      44        2.0174            0.3896
      45        1.5641            0.4722
      46        1.8272            0.6597
      47        1.9000            0.5870
      48        2.3294            0.6185
      49        1.6984            0.6037
      50        1.5426            0.6203
      51        1.4400            0.5839
      52        1.4488            0.6112
      53        1.5582            0.5415
      54        1.7894            0.5484
      55        1.2755            0.5416
      56        1.4461            0.4010
      57        1.2925            0.4427
      58        1.2009            0.4443
      59        1.1758            0.3628
      60        1.1431            0.3163
      61        1.0802            0.3228
      62        1.2224            0.2508
      63        0.9668            0.2130
      64        1.0856            0.1901
      65        1.1102            0.2018
      66        0.9447            0.1489
      67        1.0865            0.0861
      68        1.3814            0.0877
      69        1.2168            0.1341
      70        0.8358            0.0882
      71        0.8299            0.0828
      72        0.8806            0.0962
      73        1.1469            0.1219
      74        0.8259            0.1085
      75        0.9360            0.0957
      76        1.5431            0.2541
      77        1.0046            0.0892
      78        0.9378            0.1155
      79        1.2793            0.2569
      80        1.1625            0.3715
      81        1.3090            0.1798
      82        1.5502            0.1553
      83        1.3846            0.1558
      84        1.1321            0.1084
      85        0.9909            0.1109
      86        0.9319            0.1220
      87        0.9235            0.1055
      88        1.0363            0.1235
      89        1.6131            0.2269
      90        0.9355            0.1440
      91        0.8668            0.1130
      92        1.2871            0.1198
      93        0.9111            0.1466
      94        0.8547            0.1247
      95        0.9539            0.1362
      96        1.5477            0.1176
      97        0.9700            0.1531
      98        1.1203            0.1675
      99        1.1314            0.1666
     100        1.2170            0.2092
     101        1.3361            0.2016
     102        1.9589            0.1953
     103        1.3128            0.2214
     104        1.1294            0.1915
     105        1.6983            0.1699
     106        1.7117            0.2353
     107        1.0954            0.2125
     108        1.1366            0.2071
     109        1.3265            0.2584
     110        1.4123            0.2418
     111        1.0952            0.2054
     112        1.2328            0.2258
     113        1.5966            0.2536
     114        1.1693            0.2365
     115        1.2609            0.2125
     116        1.4159            0.2685
     117        1.6466            0.2553
     118        1.3810            0.1774
     119        1.6687            0.1776
     120        2.3770            0.4003
     121        3.4097            0.8087
     122        5.4747            0.8593
