#Res        AtomicFlx
 877.000      12.5549
 878.000      10.8610
 879.000      10.2233
 880.000       8.6127
 881.000       7.4659
 882.000       6.4047
 883.000       6.1149
 884.000       4.8557
 885.000       3.5449
 886.000       2.4196
 887.000       1.9460
 888.000       2.9436
 889.000       2.9479
 890.000       3.7345
 891.000       4.0927
 892.000       3.9318
 893.000       5.5063
 894.000       4.4238
 895.000       4.2541
 896.000       4.2266
 897.000       4.2553
 898.000       1.8774
 899.000       1.4797
 900.000       1.6614
 901.000       1.8689
 902.000       1.4634
 903.000       1.6020
 904.000       2.0641
 905.000       2.1914
 906.000       1.9653
 907.000       1.8710
 908.000       1.4265
 909.000       0.7901
 910.000       0.8286
 911.000       0.8791
 912.000       1.2030
 913.000       0.9603
 914.000       0.8085
 915.000       1.3104
 916.000       1.2125
 917.000       0.8766
 918.000       0.8852
 919.000       1.3525
 920.000       1.6981
 921.000       1.1260
 922.000       1.3488
 923.000       1.3137
 924.000       1.5546
 925.000       1.0964
 926.000       0.9061
 927.000       0.8436
 928.000       0.8430
 929.000       1.0387
 930.000       1.2688
 931.000       0.7683
 932.000       0.8935
 933.000       0.8775
 934.000       0.8071
 935.000       0.8412
 936.000       0.7473
 937.000       0.7891
 938.000       1.0017
 939.000       0.7078
 940.000       0.8694
 941.000       0.9544
 942.000       0.8493
 943.000       1.0020
 944.000       1.2740
 945.000       1.1359
 946.000       0.8224
 947.000       0.8290
 948.000       0.9021
 949.000       1.2053
 950.000       0.8712
 951.000       0.9702
 952.000       1.2193
 953.000       1.1091
 954.000       1.0234
 955.000       1.3692
 956.000       1.1298
 957.000       1.4166
 958.000       1.6292
 959.000       1.5750
 960.000       1.0867
 961.000       0.9417
 962.000       0.9023
 963.000       0.8806
 964.000       0.9192
 965.000       1.7095
 966.000       0.9831
 967.000       0.8126
 968.000       1.1845
 969.000       0.9092
 970.000       0.8517
 971.000       0.8741
 972.000       1.5674
 973.000       0.9954
 974.000       1.1585
 975.000       1.0437
 976.000       1.1080
 977.000       1.1638
 978.000       1.7580
 979.000       1.1593
 980.000       0.9586
 981.000       1.4737
 982.000       1.4469
 983.000       0.8534
 984.000       0.9007
 985.000       1.0465
 986.000       1.1471
 987.000       0.8433
 988.000       0.9758
 989.000       1.3457
 990.000       0.8694
 991.000       0.9833
 992.000       1.0836
 993.000       1.3059
 994.000       1.0685
 995.000       1.3294
 996.000       2.0598
 997.000       3.0126
 998.000       5.3241
