#Res        AtomicFlx
 525.000       4.1491
 526.000       3.6807
 527.000       5.1812
 528.000       4.8950
 529.000       4.5432
 530.000       4.9679
 531.000       5.0574
 532.000       5.1191
 533.000       6.1707
 534.000       5.3933
 535.000       5.2348
 536.000       5.4378
 537.000       7.3695
 538.000       7.4812
 539.000       8.8823
 540.000       9.1381
 541.000      10.9060
 542.000       9.7517
 543.000      10.1665
 544.000       8.3273
 545.000       7.0185
 546.000       4.8511
 547.000       3.2235
 548.000       3.1330
 549.000       2.2492
 550.000       1.6995
 551.000       2.7087
 552.000       1.8276
 553.000       1.5250
 554.000       1.8382
 555.000       2.0134
 556.000       1.8312
 557.000       1.0475
 558.000       0.9893
 559.000       0.9370
 560.000       1.1684
 561.000       1.1101
 562.000       0.9459
 563.000       1.8596
 564.000       1.3017
 565.000       1.0160
 566.000       1.0543
 567.000       1.5035
 568.000       1.6936
 569.000       1.1704
 570.000       1.2399
 571.000       1.4193
 572.000       1.7038
 573.000       1.1669
 574.000       0.9566
 575.000       0.8859
 576.000       0.8988
 577.000       1.0884
 578.000       1.3250
 579.000       0.7174
 580.000       0.9593
 581.000       0.8514
 582.000       0.7107
 583.000       0.7788
 584.000       0.8791
 585.000       0.7515
 586.000       0.9861
 587.000       0.8549
 588.000       1.1233
 589.000       0.9459
 590.000       0.8499
 591.000       1.0190
 592.000       1.3410
 593.000       0.9617
 594.000       0.8205
 595.000       0.7897
 596.000       0.7702
 597.000       0.9059
 598.000       0.8445
 599.000       0.8895
 600.000       1.2281
 601.000       0.9531
 602.000       0.9784
 603.000       1.2034
 604.000       1.0497
 605.000       1.5742
 606.000       1.6167
 607.000       1.4373
 608.000       1.2343
 609.000       1.1048
 610.000       1.0519
 611.000       1.0935
 612.000       1.2026
 613.000       1.3891
 614.000       1.0997
 615.000       0.9824
 616.000       1.3718
 617.000       1.0235
 618.000       0.9381
 619.000       1.0265
 620.000       1.6323
 621.000       1.0268
 622.000       1.0330
 623.000       1.1172
 624.000       1.2002
 625.000       1.3901
 626.000       1.9483
 627.000       1.2750
 628.000       1.1750
 629.000       1.7270
 630.000       1.6205
 631.000       1.1201
 632.000       1.2166
 633.000       1.3851
 634.000       1.4454
 635.000       1.2079
 636.000       1.3633
 637.000       1.7047
 638.000       1.3150
 639.000       1.4521
 640.000       1.5698
 641.000       1.8029
 642.000       1.5401
 643.000       1.8242
 644.000       2.4161
 645.000       3.6146
 646.000       5.6058
