#Frame   AVERAGE_00010 AVERAGE_00010[SD]
       1        7.0771            2.7466
       2        5.6303            1.9186
       3        6.2033            2.0649
       4        6.2932            2.4126
       5        5.5635            1.8578
       6        5.6793            1.3735
       7        5.6284            1.1751
       8        5.1129            0.9035
       9        5.9158            1.5022
      10        5.8244            0.9552
      11        6.5322            0.8997
      12        7.3329            1.2903
      13        8.3997            1.1455
      14        8.1598            0.7648
      15        8.4321            0.9761
      16        8.6401            1.1655
      17       10.0023            1.3767
      18        8.7419            1.2381
      19        8.7822            0.9106
      20        7.8292            0.6626
      21        6.7892            0.4414
      22        5.4107            0.8531
      23        3.7644            0.6661
      24        3.7408            0.5862
      25        2.7285            0.5002
      26        1.9223            0.4186
      27        2.8545            0.4379
      28        2.0915            0.2209
      29        1.8837            0.3041
      30        2.2121            0.4442
      31        2.4020            0.3922
      32        2.0032            0.3194
      33        1.3325            0.3635
      34        1.2418            0.3658
      35        1.2921            0.4974
      36        1.5800            0.5657
      37        1.3804            0.5894
      38        1.2549            0.5862
      39        1.9266            0.5887
      40        1.6720            0.6941
      41        1.3625            0.7410
      42        1.4152            0.7522
      43        1.8750            0.7566
      44        2.1075            0.7763
      45        1.6267            0.8552
      46        1.8239            1.1125
      47        1.9013            0.9404
      48        2.3280            0.9326
      49        1.5377            0.6783
      50        1.3238            0.6029
      51        1.2116            0.5212
      52        1.1551            0.3995
      53        1.3045            0.3232
      54        1.4801            0.2177
      55        0.9798            0.3630
      56        1.3044            0.3738
      57        1.0636            0.2588
      58        0.9366            0.2744
      59        1.0457            0.4047
      60        1.0657            0.2992
      61        0.9271            0.2233
      62        1.1614            0.2984
      63        1.0063            0.3803
      64        1.1204            0.2389
      65        1.0634            0.1993
      66        0.9853            0.3388
      67        1.1458            0.2768
      68        1.4320            0.1575
      69        1.2016            0.2629
      70        0.9706            0.3775
      71        0.9284            0.2888
      72        0.9339            0.2447
      73        1.1898            0.3209
      74        0.9697            0.3503
      75        1.0210            0.2540
      76        1.5449            0.3892
      77        1.1336            0.3738
      78        1.0884            0.3353
      79        1.3790            0.2663
      80        1.1995            0.3467
      81        1.6054            0.3809
      82        1.7331            0.2771
      83        1.6050            0.3488
      84        1.2449            0.2583
      85        1.1474            0.3604
      86        1.1058            0.3792
      87        1.1422            0.4556
      88        1.2674            0.5169
      89        1.4800            0.3101
      90        1.1130            0.4398
      91        1.0774            0.5001
      92        1.4750            0.5260
      93        1.1345            0.5396
      94        1.0456            0.4804
      95        1.1482            0.5651
      96        1.7250            0.5011
      97        1.1573            0.5054
      98        1.2211            0.4677
      99        1.2827            0.5656
     100        1.3788            0.6108
     101        1.5496            0.6763
     102        2.1466            0.6587
     103        1.4740            0.6541
     104        1.3492            0.6898
     105        1.9329            0.6863
     106        1.8495            0.6560
     107        1.3036            0.7014
     108        1.3781            0.7301
     109        1.5716            0.7861
     110        1.6329            0.7288
     111        1.3629            0.7172
     112        1.5143            0.7638
     113        1.8744            0.7869
     114        1.4651            0.7636
     115        1.5594            0.7087
     116        1.7221            0.8028
     117        1.9630            0.8211
     118        1.6834            0.7000
     119        1.9337            0.7270
     120        2.6665            0.7868
     121        3.7681            0.9680
     122        5.9878            1.0801
