#Res        AtomicFlx
 877.000      17.2136
 878.000      16.7199
 879.000      15.2373
 880.000      13.4994
 881.000      13.8017
 882.000      11.5416
 883.000       9.6834
 884.000       9.8456
 885.000       7.6917
 886.000       5.7368
 887.000       4.9983
 888.000       4.9756
 889.000       5.2339
 890.000       5.1204
 891.000       5.8225
 892.000       5.5766
 893.000       6.9778
 894.000       6.0601
 895.000       6.0152
 896.000       5.8583
 897.000       5.0946
 898.000       4.4299
 899.000       2.9460
 900.000       2.9889
 901.000       2.5290
 902.000       1.5313
 903.000       2.3566
 904.000       2.6797
 905.000       2.2304
 906.000       1.8062
 907.000       1.6525
 908.000       1.3942
 909.000       1.0973
 910.000       1.0834
 911.000       1.1891
 912.000       1.4916
 913.000       1.1842
 914.000       1.1942
 915.000       1.9387
 916.000       1.4597
 917.000       1.2787
 918.000       1.4314
 919.000       1.7617
 920.000       1.9504
 921.000       1.5497
 922.000       1.6764
 923.000       1.8394
 924.000       2.1308
 925.000       1.5868
 926.000       1.4069
 927.000       1.3577
 928.000       1.3289
 929.000       1.4592
 930.000       1.6101
 931.000       1.1830
 932.000       1.3857
 933.000       1.1714
 934.000       1.0801
 935.000       1.1263
 936.000       1.0468
 937.000       1.0066
 938.000       1.2075
 939.000       0.9768
 940.000       1.0883
 941.000       1.1177
 942.000       0.9716
 943.000       1.1455
 944.000       1.3769
 945.000       1.3050
 946.000       0.9641
 947.000       0.9623
 948.000       1.0145
 949.000       1.3183
 950.000       1.0220
 951.000       1.0789
 952.000       1.8488
 953.000       1.1718
 954.000       1.0850
 955.000       1.5364
 956.000       1.8962
 957.000       1.6177
 958.000       1.6750
 959.000       1.6447
 960.000       1.2227
 961.000       1.1598
 962.000       1.1582
 963.000       1.0806
 964.000       1.1840
 965.000       1.6985
 966.000       1.1225
 967.000       1.0457
 968.000       1.4274
 969.000       1.1218
 970.000       1.0604
 971.000       1.1125
 972.000       1.4964
 973.000       1.1952
 974.000       1.3686
 975.000       1.2809
 976.000       1.3498
 977.000       1.4492
 978.000       2.0421
 979.000       1.3996
 980.000       1.2438
 981.000       1.7798
 982.000       1.7812
 983.000       1.1996
 984.000       1.2885
 985.000       1.4322
 986.000       1.5037
 987.000       1.2226
 988.000       1.3448
 989.000       1.6546
 990.000       1.2678
 991.000       1.3714
 992.000       1.5273
 993.000       1.6793
 994.000       1.4280
 995.000       1.7304
 996.000       2.3155
 997.000       3.4803
 998.000       5.5754
