#Res        AtomicFlx
 525.000       8.0967
 526.000       6.6271
 527.000       5.2964
 528.000       4.8239
 529.000       4.4321
 530.000       4.5508
 531.000       4.3522
 532.000       3.8721
 533.000       3.5703
 534.000       4.9923
 535.000       6.0626
 536.000       6.1434
 537.000       6.6846
 538.000       7.6432
 539.000       7.4143
 540.000       7.6067
 541.000       8.5773
 542.000       7.4227
 543.000       8.2910
 544.000       7.6393
 545.000       6.7075
 546.000       5.5680
 547.000       3.8436
 548.000       3.5482
 549.000       2.5950
 550.000       1.7018
 551.000       2.1642
 552.000       1.8425
 553.000       1.5952
 554.000       1.7279
 555.000       1.9545
 556.000       1.6698
 557.000       1.2355
 558.000       1.0362
 559.000       1.0390
 560.000       1.2917
 561.000       1.0241
 562.000       0.9493
 563.000       1.5116
 564.000       1.3329
 565.000       0.9868
 566.000       1.0224
 567.000       1.4563
 568.000       1.6821
 569.000       1.1622
 570.000       1.2442
 571.000       1.4271
 572.000       1.7741
 573.000       1.1625
 574.000       1.0213
 575.000       0.9479
 576.000       0.9248
 577.000       1.1275
 578.000       1.4145
 579.000       0.7873
 580.000       1.1765
 581.000       0.9174
 582.000       0.7945
 583.000       0.8249
 584.000       0.8763
 585.000       0.7822
 586.000       0.9924
 587.000       0.7482
 588.000       0.9916
 589.000       0.9439
 590.000       0.7873
 591.000       0.9628
 592.000       1.3680
 593.000       1.1916
 594.000       0.7718
 595.000       0.7439
 596.000       0.7959
 597.000       1.1214
 598.000       0.7839
 599.000       0.8581
 600.000       0.9769
 601.000       0.8890
 602.000       0.8685
 603.000       1.1255
 604.000       0.9602
 605.000       1.4450
 606.000       1.5170
 607.000       1.6546
 608.000       1.0621
 609.000       0.8821
 610.000       0.8275
 611.000       0.8689
 612.000       0.9810
 613.000       1.3029
 614.000       0.8685
 615.000       0.8119
 616.000       1.2165
 617.000       0.8747
 618.000       0.8020
 619.000       0.8695
 620.000       1.5035
 621.000       0.9146
 622.000       1.0835
 623.000       1.0100
 624.000       1.0878
 625.000       1.2339
 626.000       1.8098
 627.000       1.1786
 628.000       1.0266
 629.000       1.5961
 630.000       1.6116
 631.000       0.9758
 632.000       1.0400
 633.000       1.1790
 634.000       1.2704
 635.000       1.0028
 636.000       1.1290
 637.000       1.4552
 638.000       1.0452
 639.000       1.1813
 640.000       1.3120
 641.000       1.5287
 642.000       1.2410
 643.000       1.5503
 644.000       2.7337
 645.000       4.0252
 646.000       6.4759
