#Res        AtomicFlx
 877.000      11.2966
 878.000      11.2509
 879.000      10.7881
 880.000      10.2464
 881.000      10.1214
 882.000       9.7515
 883.000       9.5703
 884.000       9.4371
 885.000       8.5320
 886.000       8.4926
 887.000       9.0723
 888.000      10.1234
 889.000      10.5478
 890.000      11.3109
 891.000      11.9325
 892.000      11.8088
 893.000      12.1110
 894.000      10.8715
 895.000      12.5061
 896.000       9.9670
 897.000       7.7651
 898.000       5.3134
 899.000       4.0083
 900.000       3.8652
 901.000       3.1293
 902.000       2.4560
 903.000       2.3181
 904.000       2.0328
 905.000       1.6152
 906.000       1.5168
 907.000       2.1266
 908.000       1.6423
 909.000       1.0808
 910.000       0.9959
 911.000       1.0784
 912.000       1.4219
 913.000       1.0978
 914.000       1.0797
 915.000       1.9288
 916.000       1.3809
 917.000       1.1430
 918.000       1.3412
 919.000       1.6618
 920.000       1.8761
 921.000       1.4085
 922.000       1.5877
 923.000       1.7156
 924.000       2.0305
 925.000       1.5383
 926.000       1.3644
 927.000       1.2410
 928.000       1.2387
 929.000       1.3346
 930.000       1.6699
 931.000       1.1374
 932.000       1.2152
 933.000       1.2080
 934.000       1.1655
 935.000       1.0932
 936.000       1.0043
 937.000       1.0095
 938.000       1.1625
 939.000       0.8483
 940.000       0.9897
 941.000       0.9898
 942.000       0.8565
 943.000       1.0312
 944.000       1.3470
 945.000       1.2543
 946.000       0.7675
 947.000       0.7579
 948.000       0.7912
 949.000       0.9920
 950.000       0.7341
 951.000       0.8170
 952.000       1.2688
 953.000       0.9702
 954.000       0.8331
 955.000       1.0264
 956.000       0.9226
 957.000       1.2919
 958.000       1.3759
 959.000       1.2019
 960.000       1.0189
 961.000       0.8811
 962.000       0.8174
 963.000       0.8346
 964.000       0.9662
 965.000       1.4853
 966.000       0.8246
 967.000       0.8138
 968.000       1.2537
 969.000       0.8397
 970.000       0.8008
 971.000       0.9325
 972.000       1.5731
 973.000       0.8672
 974.000       1.0494
 975.000       1.0648
 976.000       1.1288
 977.000       1.2630
 978.000       1.9031
 979.000       1.2524
 980.000       1.0690
 981.000       1.6476
 982.000       1.6953
 983.000       1.0238
 984.000       1.0536
 985.000       1.2218
 986.000       1.3023
 987.000       0.9730
 988.000       1.1042
 989.000       1.4773
 990.000       1.0272
 991.000       1.1619
 992.000       1.2819
 993.000       1.5081
 994.000       1.2683
 995.000       1.6750
 996.000       3.0337
 997.000       4.5997
 998.000       6.6851
