#Res        AtomicFlx
 525.000       9.1487
 526.000       7.0091
 527.000       8.9901
 528.000       9.9468
 529.000       8.5858
 530.000       7.5495
 531.000       7.2585
 532.000       6.0393
 533.000       7.5578
 534.000       6.9762
 535.000       7.5663
 536.000       8.6731
 537.000       9.4861
 538.000       9.0624
 539.000       8.5485
 540.000       8.3725
 541.000       9.9304
 542.000       8.6663
 543.000       8.5173
 544.000       8.7336
 545.000       7.0698
 546.000       6.7219
 547.000       4.7050
 548.000       4.6477
 549.000       3.3801
 550.000       2.7174
 551.000       3.2214
 552.000       2.3795
 553.000       2.2108
 554.000       2.8991
 555.000       2.8300
 556.000       2.6067
 557.000       2.0456
 558.000       1.9675
 559.000       2.2718
 560.000       2.6880
 561.000       2.5503
 562.000       2.4231
 563.000       3.0771
 564.000       3.0522
 565.000       2.8390
 566.000       2.9146
 567.000       3.3825
 568.000       3.6564
 569.000       3.3337
 570.000       4.0418
 571.000       3.7798
 572.000       4.1787
 573.000       2.8917
 574.000       2.5246
 575.000       2.2471
 576.000       1.9442
 577.000       1.9429
 578.000       1.9058
 579.000       1.6927
 580.000       2.0310
 581.000       1.5535
 582.000       1.4698
 583.000       1.8492
 584.000       1.6584
 585.000       1.3601
 586.000       1.7567
 587.000       1.7627
 588.000       1.5726
 589.000       1.4604
 590.000       1.6616
 591.000       1.6973
 592.000       1.7443
 593.000       1.7048
 594.000       1.7231
 595.000       1.5004
 596.000       1.4125
 597.000       1.7905
 598.000       1.6657
 599.000       1.5215
 600.000       2.0519
 601.000       1.8774
 602.000       1.7545
 603.000       1.8807
 604.000       1.8885
 605.000       2.3434
 606.000       2.2810
 607.000       2.2590
 608.000       1.7473
 609.000       1.8511
 610.000       1.8479
 611.000       2.0343
 612.000       2.2818
 613.000       2.0964
 614.000       1.9643
 615.000       2.0633
 616.000       2.5072
 617.000       2.1954
 618.000       1.9931
 619.000       2.2622
 620.000       2.6902
 621.000       2.1536
 622.000       2.1388
 623.000       2.4037
 624.000       2.5895
 625.000       2.8849
 626.000       3.4552
 627.000       2.7706
 628.000       2.7133
 629.000       3.2958
 630.000       3.1500
 631.000       2.6927
 632.000       2.8195
 633.000       3.1279
 634.000       3.0781
 635.000       2.7808
 636.000       3.0221
 637.000       3.4311
 638.000       2.9731
 639.000       2.9521
 640.000       3.3061
 641.000       3.5841
 642.000       3.0658
 643.000       3.3625
 644.000       4.1134
 645.000       5.4177
 646.000       7.7817
