#Res        AtomicFlx
 877.000      14.8591
 878.000      13.2610
 879.000      11.3151
 880.000       9.0026
 881.000       7.3257
 882.000       5.9234
 883.000       5.6594
 884.000       5.4304
 885.000       5.6563
 886.000       3.7679
 887.000       3.6378
 888.000       3.5980
 889.000       4.9850
 890.000       4.2508
 891.000       4.0071
 892.000       4.3671
 893.000       5.9588
 894.000       5.8438
 895.000       6.0138
 896.000       5.9839
 897.000       6.5109
 898.000       5.9419
 899.000       4.7593
 900.000       4.6896
 901.000       3.7520
 902.000       2.9954
 903.000       2.8519
 904.000       2.8325
 905.000       2.0952
 906.000       1.5806
 907.000       1.8176
 908.000       1.1680
 909.000       1.0229
 910.000       0.9748
 911.000       1.1024
 912.000       1.3861
 913.000       1.0314
 914.000       1.0008
 915.000       1.5279
 916.000       1.2806
 917.000       1.0416
 918.000       1.1059
 919.000       1.5551
 920.000       1.8039
 921.000       1.2308
 922.000       1.6130
 923.000       1.5486
 924.000       1.9542
 925.000       1.3090
 926.000       1.1975
 927.000       1.1155
 928.000       1.1048
 929.000       1.2532
 930.000       1.4858
 931.000       0.9624
 932.000       1.2584
 933.000       1.0346
 934.000       0.9140
 935.000       0.9405
 936.000       0.9690
 937.000       0.8491
 938.000       1.0102
 939.000       0.8259
 940.000       1.0261
 941.000       0.9572
 942.000       0.8493
 943.000       1.0015
 944.000       1.2651
 945.000       1.0882
 946.000       0.7296
 947.000       0.7270
 948.000       0.7519
 949.000       1.0237
 950.000       0.7166
 951.000       0.8427
 952.000       1.5716
 953.000       0.9112
 954.000       0.7836
 955.000       0.9551
 956.000       0.9086
 957.000       1.0536
 958.000       1.3494
 959.000       1.4316
 960.000       1.0314
 961.000       0.8630
 962.000       0.8380
 963.000       0.8024
 964.000       0.8898
 965.000       1.6171
 966.000       0.7682
 967.000       0.7277
 968.000       1.1110
 969.000       0.7027
 970.000       0.6908
 971.000       0.7662
 972.000       1.3713
 973.000       0.7688
 974.000       0.9006
 975.000       0.9347
 976.000       0.9775
 977.000       1.1097
 978.000       1.7454
 979.000       1.0729
 980.000       0.9139
 981.000       1.5048
 982.000       1.4862
 983.000       0.8874
 984.000       0.9303
 985.000       1.0880
 986.000       1.2272
 987.000       0.9190
 988.000       1.0433
 989.000       1.3994
 990.000       1.0034
 991.000       1.0942
 992.000       1.1793
 993.000       1.4929
 994.000       1.2649
 995.000       1.5659
 996.000       2.4191
 997.000       3.9261
 998.000       6.0822
