#Res        AtomicFlx
 525.000       3.5457
 526.000       3.0070
 527.000       3.3956
 528.000       3.5197
 529.000       3.4817
 530.000       4.2228
 531.000       4.6719
 532.000       4.3625
 533.000       4.9318
 534.000       4.7959
 535.000       6.2642
 536.000       8.2168
 537.000       9.2562
 538.000       7.4875
 539.000       7.3519
 540.000       7.4474
 541.000       8.5032
 542.000       7.3811
 543.000       7.5405
 544.000       6.7997
 545.000       5.9650
 546.000       4.1917
 547.000       2.8466
 548.000       3.1959
 549.000       2.1713
 550.000       1.5419
 551.000       3.4181
 552.000       2.1592
 553.000       1.8288
 554.000       2.0472
 555.000       2.3308
 556.000       1.9456
 557.000       1.1099
 558.000       1.0918
 559.000       1.0110
 560.000       1.2412
 561.000       1.0073
 562.000       0.9021
 563.000       1.5256
 564.000       1.2204
 565.000       0.8868
 566.000       0.9481
 567.000       1.4181
 568.000       1.6806
 569.000       1.1629
 570.000       1.1630
 571.000       1.3663
 572.000       1.9711
 573.000       1.1882
 574.000       0.9952
 575.000       0.9155
 576.000       0.9301
 577.000       1.1249
 578.000       1.3211
 579.000       0.7748
 580.000       1.1390
 581.000       0.8982
 582.000       0.7938
 583.000       0.8466
 584.000       0.9249
 585.000       0.8283
 586.000       1.0307
 587.000       0.8072
 588.000       0.8825
 589.000       0.9878
 590.000       0.8218
 591.000       1.0270
 592.000       1.3827
 593.000       1.0390
 594.000       0.8070
 595.000       0.8574
 596.000       0.9121
 597.000       1.2033
 598.000       0.8268
 599.000       0.9770
 600.000       1.7885
 601.000       1.0086
 602.000       0.9486
 603.000       1.2915
 604.000       1.0223
 605.000       1.2835
 606.000       1.6372
 607.000       1.3947
 608.000       1.0937
 609.000       0.9924
 610.000       0.9463
 611.000       0.8905
 612.000       0.9575
 613.000       1.2909
 614.000       0.8711
 615.000       0.8042
 616.000       1.2281
 617.000       0.8678
 618.000       0.8080
 619.000       0.8553
 620.000       1.5645
 621.000       0.9311
 622.000       1.0307
 623.000       1.0055
 624.000       1.0726
 625.000       1.1882
 626.000       1.8094
 627.000       1.1424
 628.000       0.9786
 629.000       1.5742
 630.000       1.4769
 631.000       0.9081
 632.000       0.9479
 633.000       1.1087
 634.000       1.1847
 635.000       0.9217
 636.000       1.0453
 637.000       1.3854
 638.000       0.9578
 639.000       1.0522
 640.000       1.1988
 641.000       1.4239
 642.000       1.2346
 643.000       1.4191
 644.000       1.7742
 645.000       2.4805
 646.000       4.5762
