#Res        AtomicFlx
 877.000      10.5116
 878.000       8.8053
 879.000       8.5886
 880.000       7.4173
 881.000       7.0120
 882.000       6.6340
 883.000       7.3396
 884.000       9.2805
 885.000      11.5935
 886.000      10.5221
 887.000       9.8859
 888.000       8.5534
 889.000       7.8621
 890.000       9.0164
 891.000       9.5223
 892.000      10.1399
 893.000      11.4962
 894.000       9.6711
 895.000       9.8009
 896.000       9.8517
 897.000       8.7437
 898.000       8.6909
 899.000       6.9002
 900.000       5.9998
 901.000       4.2042
 902.000       2.9691
 903.000       2.4908
 904.000       2.6757
 905.000       2.5147
 906.000       2.1668
 907.000       2.2887
 908.000       1.7330
 909.000       1.6589
 910.000       1.5849
 911.000       1.8414
 912.000       1.9990
 913.000       1.6441
 914.000       1.8766
 915.000       2.6639
 916.000       2.1677
 917.000       2.0348
 918.000       2.3519
 919.000       2.7048
 920.000       2.7760
 921.000       2.4687
 922.000       3.0957
 923.000       3.0301
 924.000       3.5602
 925.000       2.8699
 926.000       2.7489
 927.000       2.5705
 928.000       2.6413
 929.000       2.6192
 930.000       2.8599
 931.000       2.3198
 932.000       2.2320
 933.000       2.1505
 934.000       2.0513
 935.000       1.8722
 936.000       1.7705
 937.000       1.7076
 938.000       1.7009
 939.000       1.3758
 940.000       1.4415
 941.000       1.4983
 942.000       1.2243
 943.000       1.2272
 944.000       1.5354
 945.000       1.3974
 946.000       0.9110
 947.000       0.8447
 948.000       0.9331
 949.000       1.1973
 950.000       0.8299
 951.000       0.9643
 952.000       1.2379
 953.000       0.9614
 954.000       1.0387
 955.000       1.5869
 956.000       1.0626
 957.000       1.2981
 958.000       1.7137
 959.000       1.2501
 960.000       1.2936
 961.000       1.0581
 962.000       0.8995
 963.000       1.0092
 964.000       1.1842
 965.000       1.9736
 966.000       1.0912
 967.000       0.9428
 968.000       1.4152
 969.000       1.0236
 970.000       0.9135
 971.000       1.1030
 972.000       1.7333
 973.000       1.0878
 974.000       1.2520
 975.000       1.3712
 976.000       1.5564
 977.000       1.6706
 978.000       2.2946
 979.000       1.6967
 980.000       1.4415
 981.000       1.9851
 982.000       2.1188
 983.000       1.4579
 984.000       1.4627
 985.000       1.7818
 986.000       1.8434
 987.000       1.4397
 988.000       1.6262
 989.000       2.0662
 990.000       1.5905
 991.000       1.6248
 992.000       1.8924
 993.000       2.1286
 994.000       1.7090
 995.000       1.9533
 996.000       2.3423
 997.000       2.5619
 998.000       4.4545
