#Res        AtomicFlx
 525.000      10.4451
 526.000       7.8275
 527.000       8.1532
 528.000       8.2805
 529.000       6.7748
 530.000       7.1054
 531.000       6.8019
 532.000       6.1715
 533.000       7.3484
 534.000       6.9643
 535.000       7.5332
 536.000       8.1935
 537.000       9.2020
 538.000       9.1246
 539.000       9.9635
 540.000      10.6356
 541.000      12.0945
 542.000      10.4875
 543.000       9.3955
 544.000       7.6462
 545.000       7.1852
 546.000       5.7208
 547.000       4.2034
 548.000       4.1794
 549.000       3.2468
 550.000       1.9509
 551.000       2.7602
 552.000       2.2487
 553.000       2.2585
 554.000       2.5482
 555.000       2.8812
 556.000       1.9625
 557.000       1.2238
 558.000       1.1241
 559.000       1.2017
 560.000       1.5105
 561.000       1.2102
 562.000       1.0543
 563.000       1.6592
 564.000       1.4529
 565.000       1.0841
 566.000       1.1364
 567.000       1.6146
 568.000       1.8249
 569.000       1.3044
 570.000       1.4305
 571.000       1.5142
 572.000       2.0123
 573.000       1.2793
 574.000       1.1211
 575.000       1.0614
 576.000       1.0776
 577.000       1.2387
 578.000       1.4340
 579.000       0.9269
 580.000       1.2160
 581.000       1.0975
 582.000       0.9140
 583.000       0.9292
 584.000       0.9896
 585.000       0.9136
 586.000       1.0411
 587.000       0.8587
 588.000       1.0321
 589.000       0.9790
 590.000       0.8058
 591.000       1.0228
 592.000       1.3242
 593.000       1.1110
 594.000       0.7306
 595.000       0.7505
 596.000       0.7790
 597.000       0.9278
 598.000       0.7275
 599.000       0.8591
 600.000       1.6791
 601.000       0.9399
 602.000       0.8921
 603.000       1.3938
 604.000       1.0767
 605.000       1.3807
 606.000       1.6137
 607.000       1.2795
 608.000       1.0873
 609.000       0.9067
 610.000       0.8556
 611.000       0.8236
 612.000       0.9140
 613.000       1.3208
 614.000       0.7612
 615.000       0.7251
 616.000       1.0513
 617.000       0.7111
 618.000       0.6866
 619.000       0.7273
 620.000       1.2344
 621.000       0.7605
 622.000       0.8196
 623.000       0.8771
 624.000       0.9441
 625.000       1.0511
 626.000       1.7101
 627.000       1.0036
 628.000       0.8523
 629.000       1.4712
 630.000       1.3886
 631.000       0.8214
 632.000       0.8663
 633.000       1.0572
 634.000       1.1859
 635.000       0.9015
 636.000       1.0120
 637.000       1.3958
 638.000       1.0345
 639.000       1.1594
 640.000       1.2238
 641.000       1.4752
 642.000       1.3356
 643.000       1.5126
 644.000       2.2949
 645.000       3.3027
 646.000       5.4996
