#Res        AtomicFlx
 877.000      13.1026
 878.000      11.9772
 879.000      10.4213
 880.000       9.0918
 881.000       8.3696
 882.000       8.9468
 883.000      10.1433
 884.000      11.5990
 885.000      13.2594
 886.000      13.1252
 887.000      13.1742
 888.000      13.0504
 889.000      12.3548
 890.000      11.7557
 891.000      11.2757
 892.000       9.7852
 893.000       9.8753
 894.000       8.0824
 895.000       8.0575
 896.000       6.6331
 897.000       5.3985
 898.000       4.1983
 899.000       2.1192
 900.000       2.0865
 901.000       1.7370
 902.000       1.2759
 903.000       1.8277
 904.000       2.6414
 905.000       2.2748
 906.000       1.4415
 907.000       1.5339
 908.000       1.3043
 909.000       0.8521
 910.000       0.8234
 911.000       0.9038
 912.000       1.3268
 913.000       0.9114
 914.000       0.8186
 915.000       1.4203
 916.000       1.1967
 917.000       0.8766
 918.000       0.9366
 919.000       1.4537
 920.000       1.7337
 921.000       1.1145
 922.000       1.2153
 923.000       1.4563
 924.000       1.8269
 925.000       1.1634
 926.000       0.9308
 927.000       0.8321
 928.000       0.8177
 929.000       1.0101
 930.000       1.2847
 931.000       0.6708
 932.000       0.9940
 933.000       0.8192
 934.000       0.6975
 935.000       0.7407
 936.000       0.7019
 937.000       0.6859
 938.000       0.9184
 939.000       0.6719
 940.000       0.9018
 941.000       0.8503
 942.000       0.7382
 943.000       0.9780
 944.000       1.3128
 945.000       0.9695
 946.000       0.8373
 947.000       0.8790
 948.000       0.9349
 949.000       1.2631
 950.000       0.9631
 951.000       1.0358
 952.000       2.1968
 953.000       1.1447
 954.000       1.0040
 955.000       1.2119
 956.000       1.0037
 957.000       1.2625
 958.000       1.4375
 959.000       1.6456
 960.000       1.3739
 961.000       1.1710
 962.000       1.0784
 963.000       1.0200
 964.000       1.0598
 965.000       2.1320
 966.000       1.0983
 967.000       0.8838
 968.000       1.2248
 969.000       0.9183
 970.000       0.8106
 971.000       0.8267
 972.000       1.4107
 973.000       0.8155
 974.000       0.9600
 975.000       0.8649
 976.000       0.9938
 977.000       1.0939
 978.000       1.8037
 979.000       1.0306
 980.000       0.8580
 981.000       1.4847
 982.000       1.5141
 983.000       0.8337
 984.000       0.9117
 985.000       1.0690
 986.000       1.1789
 987.000       0.9127
 988.000       1.0344
 989.000       1.3785
 990.000       0.9871
 991.000       1.1165
 992.000       1.2001
 993.000       1.4064
 994.000       1.2154
 995.000       1.4607
 996.000       2.3292
 997.000       3.6440
 998.000       6.0417
