#Res        AtomicFlx
 525.000       7.3328
 526.000       7.6971
 527.000       5.8677
 528.000       5.3884
 529.000       4.8163
 530.000       5.2538
 531.000       5.1709
 532.000       4.1895
 533.000       5.4796
 534.000       5.1382
 535.000       5.0086
 536.000       4.8021
 537.000       4.7990
 538.000       5.3968
 539.000       5.3368
 540.000       5.4266
 541.000       5.8567
 542.000       5.2383
 543.000       6.0314
 544.000       4.7328
 545.000       5.0319
 546.000       4.0895
 547.000       2.9730
 548.000       3.1774
 549.000       2.3255
 550.000       1.5846
 551.000       2.2633
 552.000       2.0803
 553.000       1.8900
 554.000       1.8349
 555.000       1.8917
 556.000       1.9800
 557.000       1.0408
 558.000       1.0339
 559.000       0.8819
 560.000       1.1811
 561.000       0.9446
 562.000       0.8022
 563.000       1.6375
 564.000       1.1691
 565.000       0.8363
 566.000       0.9207
 567.000       1.3290
 568.000       1.5289
 569.000       1.0323
 570.000       1.4656
 571.000       1.2455
 572.000       1.7161
 573.000       1.0052
 574.000       0.8374
 575.000       0.7952
 576.000       0.8197
 577.000       1.0211
 578.000       1.2642
 579.000       0.7029
 580.000       0.9883
 581.000       0.8407
 582.000       0.7108
 583.000       0.7335
 584.000       0.7708
 585.000       0.7402
 586.000       0.7798
 587.000       0.6946
 588.000       0.8219
 589.000       0.9573
 590.000       0.6879
 591.000       0.9526
 592.000       1.2016
 593.000       1.1096
 594.000       0.7166
 595.000       0.7351
 596.000       0.7709
 597.000       0.9238
 598.000       0.7323
 599.000       0.8922
 600.000       0.8962
 601.000       0.8058
 602.000       0.9181
 603.000       1.4052
 604.000       0.9268
 605.000       1.4229
 606.000       1.6658
 607.000       1.7143
 608.000       1.3846
 609.000       1.1150
 610.000       0.9915
 611.000       0.8665
 612.000       0.9066
 613.000       1.3632
 614.000       0.8881
 615.000       0.7070
 616.000       1.0816
 617.000       0.7223
 618.000       0.6796
 619.000       0.6829
 620.000       1.2156
 621.000       0.7863
 622.000       0.9610
 623.000       0.8598
 624.000       0.9241
 625.000       1.0570
 626.000       1.7268
 627.000       0.9929
 628.000       0.8208
 629.000       1.4002
 630.000       1.4265
 631.000       0.7836
 632.000       0.8388
 633.000       1.0264
 634.000       1.1151
 635.000       0.8369
 636.000       0.9668
 637.000       1.3428
 638.000       0.9275
 639.000       1.0866
 640.000       1.1706
 641.000       1.4459
 642.000       1.2288
 643.000       1.4711
 644.000       2.0732
 645.000       3.4198
 646.000       5.5120
