#Res        AtomicFlx
 525.000       5.6622
 526.000       6.0704
 527.000       5.8489
 528.000       5.3933
 529.000       5.7367
 530.000       6.8282
 531.000       7.1601
 532.000       6.4546
 533.000       5.6049
 534.000       5.3378
 535.000       5.2245
 536.000       4.9963
 537.000       4.9216
 538.000       3.8759
 539.000       3.6171
 540.000       3.8402
 541.000       5.3021
 542.000       5.0643
 543.000       6.8197
 544.000       7.1752
 545.000       5.8178
 546.000       4.1031
 547.000       3.0756
 548.000       3.7364
 549.000       2.3195
 550.000       1.4687
 551.000       2.7489
 552.000       1.7143
 553.000       1.7974
 554.000       1.9284
 555.000       2.2787
 556.000       1.6540
 557.000       0.8456
 558.000       0.9878
 559.000       0.8004
 560.000       1.0775
 561.000       0.8740
 562.000       0.7610
 563.000       1.4933
 564.000       1.1019
 565.000       0.8074
 566.000       0.8378
 567.000       1.3309
 568.000       1.6014
 569.000       1.0787
 570.000       1.6005
 571.000       1.2341
 572.000       1.8052
 573.000       1.0042
 574.000       0.7981
 575.000       0.7623
 576.000       0.7695
 577.000       0.9964
 578.000       1.3191
 579.000       0.6717
 580.000       0.9849
 581.000       0.8270
 582.000       0.7078
 583.000       0.7446
 584.000       0.8055
 585.000       0.7078
 586.000       0.9501
 587.000       0.7032
 588.000       0.8555
 589.000       0.8919
 590.000       0.7654
 591.000       0.9427
 592.000       1.2275
 593.000       1.1116
 594.000       0.7031
 595.000       0.7666
 596.000       0.8398
 597.000       1.0020
 598.000       0.8332
 599.000       1.0124
 600.000       1.4769
 601.000       1.1430
 602.000       1.2286
 603.000       1.6541
 604.000       1.2470
 605.000       1.5956
 606.000       1.9694
 607.000       2.3304
 608.000       2.0861
 609.000       1.4825
 610.000       0.9223
 611.000       0.8916
 612.000       0.9618
 613.000       1.7672
 614.000       0.9014
 615.000       0.7446
 616.000       1.1665
 617.000       0.7757
 618.000       0.6993
 619.000       0.7432
 620.000       1.3555
 621.000       0.7927
 622.000       0.8708
 623.000       0.9434
 624.000       1.1159
 625.000       1.2433
 626.000       1.9072
 627.000       1.1258
 628.000       0.8760
 629.000       1.4674
 630.000       1.4161
 631.000       0.8121
 632.000       0.8645
 633.000       1.0317
 634.000       1.1573
 635.000       0.8462
 636.000       0.9773
 637.000       1.3366
 638.000       0.9171
 639.000       1.0786
 640.000       1.1758
 641.000       1.3860
 642.000       1.2168
 643.000       1.7428
 644.000       3.2097
 645.000       5.1511
 646.000       7.5736
