#Res        AtomicFlx
 877.000      13.5691
 878.000      11.9649
 879.000      10.6132
 880.000       9.0664
 881.000       7.9631
 882.000       6.5899
 883.000       6.3570
 884.000       6.8406
 885.000       7.1909
 886.000       6.2860
 887.000       6.7125
 888.000       6.7950
 889.000       7.4459
 890.000       6.6733
 891.000       6.6463
 892.000       6.8895
 893.000       6.6901
 894.000       5.4872
 895.000       5.7711
 896.000       5.1936
 897.000       4.0484
 898.000       2.7088
 899.000       1.6822
 900.000       2.2211
 901.000       3.0499
 902.000       2.6429
 903.000       1.8226
 904.000       1.6164
 905.000       1.2465
 906.000       1.1750
 907.000       1.4131
 908.000       1.1399
 909.000       0.8952
 910.000       0.8805
 911.000       0.9915
 912.000       1.3405
 913.000       0.9093
 914.000       0.8820
 915.000       1.5123
 916.000       1.2867
 917.000       0.9548
 918.000       1.0251
 919.000       1.5206
 920.000       1.6844
 921.000       1.1707
 922.000       1.2916
 923.000       1.4782
 924.000       1.7846
 925.000       1.2001
 926.000       1.0356
 927.000       0.9705
 928.000       0.9472
 929.000       1.1477
 930.000       1.3425
 931.000       0.8212
 932.000       1.1510
 933.000       0.9164
 934.000       0.8199
 935.000       0.8413
 936.000       0.8562
 937.000       0.8246
 938.000       0.9508
 939.000       0.7287
 940.000       1.0385
 941.000       0.9178
 942.000       0.7631
 943.000       0.9883
 944.000       1.2995
 945.000       1.0982
 946.000       0.7678
 947.000       0.7898
 948.000       0.8169
 949.000       0.8888
 950.000       0.8202
 951.000       0.9173
 952.000       0.9349
 953.000       0.8692
 954.000       0.9052
 955.000       1.1935
 956.000       0.8603
 957.000       1.4037
 958.000       1.5643
 959.000       1.7432
 960.000       1.0407
 961.000       0.9266
 962.000       0.8809
 963.000       0.8542
 964.000       0.9417
 965.000       1.6658
 966.000       0.8570
 967.000       0.8006
 968.000       1.1634
 969.000       0.8341
 970.000       0.7637
 971.000       0.8025
 972.000       1.1965
 973.000       0.8133
 974.000       0.9888
 975.000       0.9703
 976.000       1.1170
 977.000       1.1495
 978.000       1.7951
 979.000       1.1270
 980.000       0.8975
 981.000       1.4309
 982.000       1.4319
 983.000       0.8732
 984.000       0.9036
 985.000       1.0437
 986.000       1.1738
 987.000       0.8670
 988.000       0.9734
 989.000       1.3308
 990.000       0.9112
 991.000       1.0319
 992.000       1.0987
 993.000       1.3671
 994.000       1.1394
 995.000       1.4910
 996.000       2.7815
 997.000       4.1634
 998.000       6.8681
