#Res        AtomicFlx
 525.000       3.0571
 526.000       2.4565
 527.000       1.8210
 528.000       1.7483
 529.000       2.1552
 530.000       2.1090
 531.000       2.1603
 532.000       2.6220
 533.000       2.6305
 534.000       2.5840
 535.000       3.0337
 536.000       4.3241
 537.000       4.4258
 538.000       4.6316
 539.000       5.5812
 540.000       5.2641
 541.000       5.7479
 542.000       5.7222
 543.000       5.8303
 544.000       6.6631
 545.000       6.4233
 546.000       4.7942
 547.000       2.9105
 548.000       2.7349
 549.000       1.6426
 550.000       1.2314
 551.000       1.8674
 552.000       1.2571
 553.000       1.1221
 554.000       1.4489
 555.000       2.0407
 556.000       1.3797
 557.000       0.8585
 558.000       0.8105
 559.000       0.8748
 560.000       1.0747
 561.000       0.9309
 562.000       0.8529
 563.000       1.5204
 564.000       1.0917
 565.000       0.8077
 566.000       0.9128
 567.000       1.3034
 568.000       1.4966
 569.000       1.0556
 570.000       1.6931
 571.000       1.3255
 572.000       1.8709
 573.000       0.9691
 574.000       0.7979
 575.000       0.7627
 576.000       0.7844
 577.000       0.9890
 578.000       1.2124
 579.000       0.6712
 580.000       0.9745
 581.000       0.8074
 582.000       0.7069
 583.000       0.7477
 584.000       0.7728
 585.000       0.7178
 586.000       0.9312
 587.000       0.7767
 588.000       0.9082
 589.000       0.8994
 590.000       0.7439
 591.000       0.9422
 592.000       1.3290
 593.000       1.0961
 594.000       0.6884
 595.000       0.7286
 596.000       0.7690
 597.000       0.9587
 598.000       0.6955
 599.000       0.8171
 600.000       1.0810
 601.000       0.8310
 602.000       0.8215
 603.000       1.1457
 604.000       0.8504
 605.000       0.9874
 606.000       1.3829
 607.000       0.9656
 608.000       0.9587
 609.000       0.8735
 610.000       0.8081
 611.000       0.7512
 612.000       0.8102
 613.000       1.5043
 614.000       0.7457
 615.000       0.6814
 616.000       0.9313
 617.000       0.6689
 618.000       0.6467
 619.000       0.6923
 620.000       1.0933
 621.000       0.7545
 622.000       0.9416
 623.000       0.8831
 624.000       0.9710
 625.000       1.1240
 626.000       1.7959
 627.000       1.0516
 628.000       0.8426
 629.000       1.3783
 630.000       1.3854
 631.000       0.7628
 632.000       0.8100
 633.000       0.9336
 634.000       1.0713
 635.000       0.7680
 636.000       0.9313
 637.000       1.2188
 638.000       0.7941
 639.000       0.9504
 640.000       1.0201
 641.000       1.2295
 642.000       1.1588
 643.000       1.1995
 644.000       1.7706
 645.000       3.1542
 646.000       5.4780
