#Res        AtomicFlx
 877.000       5.7032
 878.000       4.7523
 879.000       5.5866
 880.000       5.4917
 881.000       5.0262
 882.000       4.6469
 883.000       5.0998
 884.000       4.7999
 885.000       4.6960
 886.000       4.1610
 887.000       4.0609
 888.000       5.5114
 889.000       4.7419
 890.000       5.7828
 891.000       6.7487
 892.000       5.4596
 893.000       7.1583
 894.000       4.9775
 895.000       5.1724
 896.000       4.7868
 897.000       3.2052
 898.000       3.4788
 899.000       3.3060
 900.000       4.9669
 901.000       4.6234
 902.000       3.5328
 903.000       4.5445
 904.000       3.6191
 905.000       1.9726
 906.000       1.5339
 907.000       1.5571
 908.000       1.3066
 909.000       0.8926
 910.000       0.8311
 911.000       0.9177
 912.000       1.2348
 913.000       0.8548
 914.000       0.8000
 915.000       1.3956
 916.000       1.1218
 917.000       0.8230
 918.000       0.8809
 919.000       1.2982
 920.000       1.5703
 921.000       1.0257
 922.000       1.1461
 923.000       1.3291
 924.000       1.6733
 925.000       1.0078
 926.000       0.8587
 927.000       0.8033
 928.000       0.8234
 929.000       1.0197
 930.000       1.1815
 931.000       0.6985
 932.000       1.0738
 933.000       0.8275
 934.000       0.7101
 935.000       0.7542
 936.000       0.8846
 937.000       0.7625
 938.000       0.9830
 939.000       0.8061
 940.000       0.9664
 941.000       1.0163
 942.000       0.8725
 943.000       1.0602
 944.000       1.4470
 945.000       1.2784
 946.000       0.9541
 947.000       0.9743
 948.000       1.0705
 949.000       1.2821
 950.000       0.9487
 951.000       1.0584
 952.000       1.4293
 953.000       1.0271
 954.000       1.0220
 955.000       1.3200
 956.000       1.0430
 957.000       1.3345
 958.000       1.4240
 959.000       1.8908
 960.000       1.1469
 961.000       0.9636
 962.000       0.9499
 963.000       0.8920
 964.000       0.9552
 965.000       1.6945
 966.000       0.9432
 967.000       0.8506
 968.000       1.2433
 969.000       0.9462
 970.000       0.9085
 971.000       0.9276
 972.000       1.5592
 973.000       1.1022
 974.000       1.2286
 975.000       1.1203
 976.000       1.1765
 977.000       1.3060
 978.000       1.8684
 979.000       1.1999
 980.000       1.0554
 981.000       1.5872
 982.000       1.5809
 983.000       0.9172
 984.000       0.9923
 985.000       1.1154
 986.000       1.1766
 987.000       0.8876
 988.000       1.0309
 989.000       1.3450
 990.000       0.8782
 991.000       1.0214
 992.000       1.1032
 993.000       1.3713
 994.000       1.1698
 995.000       1.3974
 996.000       2.3556
 997.000       4.2764
 998.000       6.7654
