#Res        AtomicFlx
 877.000      18.0766
 878.000      16.6733
 879.000      15.6091
 880.000      13.7642
 881.000      12.6028
 882.000      11.1330
 883.000      10.1814
 884.000      10.0926
 885.000      10.1254
 886.000       8.9916
 887.000       9.4641
 888.000       8.5220
 889.000       9.0389
 890.000       9.0223
 891.000       8.3789
 892.000       8.4604
 893.000       9.1630
 894.000       7.7659
 895.000       8.0051
 896.000       6.8025
 897.000       6.5200
 898.000       5.2538
 899.000       3.4429
 900.000       3.0892
 901.000       2.0348
 902.000       1.4910
 903.000       2.5178
 904.000       2.8744
 905.000       3.2083
 906.000       2.6720
 907.000       2.5799
 908.000       2.1031
 909.000       1.3813
 910.000       1.1760
 911.000       1.2527
 912.000       1.6508
 913.000       1.3359
 914.000       1.1508
 915.000       1.7964
 916.000       1.6216
 917.000       1.2191
 918.000       1.2785
 919.000       1.7227
 920.000       1.9308
 921.000       1.4367
 922.000       2.1998
 923.000       1.8466
 924.000       2.4322
 925.000       1.4205
 926.000       1.1454
 927.000       1.0679
 928.000       1.0381
 929.000       1.3568
 930.000       1.5217
 931.000       0.8484
 932.000       1.3037
 933.000       1.0409
 934.000       0.8258
 935.000       0.8535
 936.000       0.9442
 937.000       0.8387
 938.000       0.9398
 939.000       0.8060
 940.000       1.0221
 941.000       0.9584
 942.000       0.7857
 943.000       1.0961
 944.000       1.3772
 945.000       1.1440
 946.000       0.7543
 947.000       0.7894
 948.000       0.8292
 949.000       1.1222
 950.000       0.7540
 951.000       0.8769
 952.000       1.3281
 953.000       0.8425
 954.000       0.9446
 955.000       1.2457
 956.000       1.0110
 957.000       1.3339
 958.000       1.4844
 959.000       1.4456
 960.000       1.1416
 961.000       1.0074
 962.000       0.9942
 963.000       0.8621
 964.000       0.9436
 965.000       1.3514
 966.000       0.9532
 967.000       0.7502
 968.000       1.1491
 969.000       0.7504
 970.000       0.7137
 971.000       0.7358
 972.000       1.4161
 973.000       0.8067
 974.000       1.0454
 975.000       0.9211
 976.000       1.0596
 977.000       1.2168
 978.000       1.8091
 979.000       1.1172
 980.000       0.9111
 981.000       1.5043
 982.000       1.5557
 983.000       0.8750
 984.000       0.9196
 985.000       1.1220
 986.000       1.2328
 987.000       0.9511
 988.000       1.0706
 989.000       1.4732
 990.000       1.0986
 991.000       1.2337
 992.000       1.3106
 993.000       1.6147
 994.000       1.3902
 995.000       1.9049
 996.000       3.3220
 997.000       5.3103
 998.000       7.9423
