#Res        AtomicFlx
 525.000       2.9517
 526.000       2.8043
 527.000       2.0951
 528.000       2.2357
 529.000       2.3561
 530.000       2.3083
 531.000       1.6421
 532.000       2.0334
 533.000       3.7620
 534.000       3.5910
 535.000       4.7004
 536.000       5.8157
 537.000       6.9140
 538.000       6.3484
 539.000       6.4166
 540.000       6.7983
 541.000       7.5500
 542.000       7.3867
 543.000       7.6803
 544.000       6.9725
 545.000       7.2965
 546.000       6.5503
 547.000       5.0641
 548.000       4.8709
 549.000       2.7312
 550.000       1.4985
 551.000       3.1011
 552.000       2.5705
 553.000       2.1722
 554.000       1.7487
 555.000       2.2864
 556.000       1.8807
 557.000       1.0460
 558.000       1.0894
 559.000       0.9809
 560.000       1.2971
 561.000       1.0314
 562.000       0.8823
 563.000       1.7167
 564.000       1.2287
 565.000       0.9028
 566.000       0.9849
 567.000       1.5153
 568.000       1.7040
 569.000       1.1916
 570.000       1.2019
 571.000       1.5124
 572.000       2.4528
 573.000       1.3160
 574.000       1.0184
 575.000       0.9216
 576.000       0.8762
 577.000       1.1040
 578.000       1.3457
 579.000       0.7072
 580.000       1.1052
 581.000       0.9010
 582.000       0.7343
 583.000       0.7768
 584.000       0.8185
 585.000       0.7977
 586.000       0.9099
 587.000       0.6853
 588.000       0.8698
 589.000       0.8980
 590.000       0.7303
 591.000       0.9289
 592.000       1.2144
 593.000       1.1964
 594.000       0.6806
 595.000       0.7190
 596.000       0.7794
 597.000       1.0008
 598.000       0.7295
 599.000       0.8377
 600.000       1.4939
 601.000       1.0121
 602.000       0.9151
 603.000       1.3353
 604.000       0.9617
 605.000       1.3939
 606.000       1.6141
 607.000       1.2855
 608.000       1.1427
 609.000       0.9603
 610.000       0.8546
 611.000       0.8064
 612.000       0.8544
 613.000       1.2957
 614.000       0.8000
 615.000       0.6924
 616.000       1.0988
 617.000       0.7557
 618.000       0.6707
 619.000       0.6876
 620.000       1.2180
 621.000       0.7292
 622.000       0.8685
 623.000       0.9247
 624.000       1.0228
 625.000       1.1066
 626.000       1.7810
 627.000       1.0707
 628.000       0.8560
 629.000       1.4122
 630.000       1.4179
 631.000       0.7662
 632.000       0.8047
 633.000       0.9651
 634.000       1.0960
 635.000       0.7795
 636.000       0.9089
 637.000       1.2541
 638.000       0.8224
 639.000       0.9935
 640.000       1.0520
 641.000       1.2471
 642.000       1.1024
 643.000       1.4134
 644.000       2.4571
 645.000       4.4581
 646.000       6.5370
