#Res        AtomicFlx
 525.000       9.3849
 526.000       7.4151
 527.000       6.8520
 528.000       6.2256
 529.000       5.4869
 530.000       5.3516
 531.000       5.5119
 532.000       5.2612
 533.000       5.3933
 534.000       4.4068
 535.000       3.9307
 536.000       3.7531
 537.000       3.6313
 538.000       2.9716
 539.000       2.5354
 540.000       2.5304
 541.000       3.9038
 542.000       3.5302
 543.000       5.2644
 544.000       4.9954
 545.000       3.4119
 546.000       3.1890
 547.000       2.0442
 548.000       1.6025
 549.000       1.5593
 550.000       1.0394
 551.000       1.9538
 552.000       1.7144
 553.000       1.4923
 554.000       1.5468
 555.000       1.7312
 556.000       1.6785
 557.000       0.9046
 558.000       0.9408
 559.000       0.8419
 560.000       1.2016
 561.000       0.8462
 562.000       0.7468
 563.000       1.5147
 564.000       1.0609
 565.000       0.7719
 566.000       0.8383
 567.000       1.2786
 568.000       1.5172
 569.000       0.9803
 570.000       1.1711
 571.000       1.2359
 572.000       1.6237
 573.000       1.0331
 574.000       0.8705
 575.000       0.8401
 576.000       0.8783
 577.000       1.1252
 578.000       1.3976
 579.000       0.7428
 580.000       1.1179
 581.000       0.8500
 582.000       0.7343
 583.000       0.7580
 584.000       0.7998
 585.000       0.6955
 586.000       0.9574
 587.000       0.7071
 588.000       0.9018
 589.000       0.8785
 590.000       0.7283
 591.000       0.9113
 592.000       1.1581
 593.000       1.0263
 594.000       0.7509
 595.000       0.7514
 596.000       0.8393
 597.000       1.0384
 598.000       0.8142
 599.000       0.9831
 600.000       1.5130
 601.000       1.0612
 602.000       1.0399
 603.000       1.4116
 604.000       1.1477
 605.000       1.7528
 606.000       1.7335
 607.000       1.8921
 608.000       1.2574
 609.000       1.0438
 610.000       0.9533
 611.000       0.8526
 612.000       0.9011
 613.000       1.3296
 614.000       0.8283
 615.000       0.7291
 616.000       1.1320
 617.000       0.7696
 618.000       0.7428
 619.000       0.7723
 620.000       1.2981
 621.000       0.8258
 622.000       0.9616
 623.000       0.9973
 624.000       1.1721
 625.000       1.2108
 626.000       1.8934
 627.000       1.1518
 628.000       0.9190
 629.000       1.5177
 630.000       1.4847
 631.000       0.8507
 632.000       0.8978
 633.000       1.0466
 634.000       1.1380
 635.000       0.8268
 636.000       0.9467
 637.000       1.3067
 638.000       0.8539
 639.000       0.9857
 640.000       1.0612
 641.000       1.3285
 642.000       1.0921
 643.000       1.4964
 644.000       3.1506
 645.000       4.8010
 646.000       7.4653
