#Res        AtomicFlx
 877.000       9.9236
 878.000      11.7872
 879.000       8.9901
 880.000       6.3850
 881.000       4.7154
 882.000       4.2339
 883.000       4.8258
 884.000       6.7213
 885.000       6.5971
 886.000       7.9215
 887.000       9.2581
 888.000       9.7764
 889.000       7.1174
 890.000       6.7104
 891.000       5.0175
 892.000       3.7990
 893.000       2.9264
 894.000       2.3645
 895.000       2.2523
 896.000       1.6446
 897.000       2.3465
 898.000       2.2235
 899.000       1.6260
 900.000       1.7817
 901.000       1.6594
 902.000       2.2989
 903.000       2.1962
 904.000       1.9440
 905.000       1.4648
 906.000       1.2836
 907.000       1.3524
 908.000       1.0535
 909.000       0.8298
 910.000       0.7894
 911.000       0.8712
 912.000       1.2236
 913.000       0.8442
 914.000       0.7663
 915.000       1.4145
 916.000       1.0648
 917.000       0.7484
 918.000       0.8327
 919.000       1.2704
 920.000       1.5185
 921.000       0.9210
 922.000       0.9994
 923.000       1.1829
 924.000       1.5588
 925.000       0.9170
 926.000       0.7869
 927.000       0.7644
 928.000       0.7750
 929.000       1.0028
 930.000       1.2696
 931.000       0.7167
 932.000       1.0275
 933.000       0.9128
 934.000       0.7858
 935.000       0.7722
 936.000       0.7471
 937.000       0.8079
 938.000       0.8753
 939.000       0.7150
 940.000       0.9453
 941.000       0.9940
 942.000       0.7140
 943.000       0.9013
 944.000       1.2368
 945.000       1.0554
 946.000       0.6340
 947.000       0.6301
 948.000       0.6653
 949.000       0.8496
 950.000       0.6165
 951.000       0.7070
 952.000       0.7882
 953.000       0.7133
 954.000       0.7223
 955.000       1.1889
 956.000       0.7262
 957.000       1.0877
 958.000       1.4077
 959.000       1.1778
 960.000       0.9238
 961.000       0.7773
 962.000       0.7476
 963.000       0.6819
 964.000       0.7788
 965.000       1.1308
 966.000       0.6622
 967.000       0.6276
 968.000       0.9838
 969.000       0.6153
 970.000       0.5896
 971.000       0.6382
 972.000       0.9604
 973.000       0.7264
 974.000       0.8296
 975.000       0.8025
 976.000       0.8409
 977.000       0.9834
 978.000       1.6169
 979.000       0.9612
 980.000       0.7560
 981.000       1.3147
 982.000       1.3536
 983.000       0.7044
 984.000       0.7410
 985.000       0.8900
 986.000       1.0421
 987.000       0.7134
 988.000       0.8134
 989.000       1.2077
 990.000       0.7491
 991.000       0.9242
 992.000       0.9921
 993.000       1.2655
 994.000       1.0077
 995.000       1.4643
 996.000       2.8810
 997.000       4.4430
 998.000       6.5823
