#Frame   AVERAGE_00010 AVERAGE_00010[SD]
       1        5.6777            2.4812
       2        5.2887            2.2417
       3        4.4969            2.1063
       4        4.1983            1.8335
       5        4.1102            1.5452
       6        4.3702            1.8520
       7        4.3291            2.0998
       8        4.1121            1.6343
       9        4.5741            1.1824
      10        4.2116            1.0197
      11        4.3796            0.8032
      12        4.7383            0.6890
      13        4.9383            1.0857
      14        4.6449            1.1712
      15        4.6974            1.4133
      16        4.7719            1.4608
      17        5.6721            1.1688
      18        5.3883            1.2398
      19        6.3252            0.8411
      20        6.1078            1.0318
      21        5.5963            1.3201
      22        4.5452            1.1247
      23        3.2135            0.9961
      24        3.2244            1.0812
      25        2.1156            0.4467
      26        1.3645            0.2003
      27        2.3869            0.4720
      28        1.8673            0.4379
      29        1.6948            0.3593
      30        1.7015            0.1785
      31        2.0457            0.2167
      32        1.7146            0.2074
      33        0.9391            0.0874
      34        0.9725            0.0948
      35        0.8760            0.0599
      36        1.1664            0.0835
      37        0.9254            0.0641
      38        0.8090            0.0520
      39        1.5765            0.0863
      40        1.1305            0.0605
      41        0.8252            0.0438
      42        0.8989            0.0556
      43        1.3514            0.0841
      44        1.5696            0.0759
      45        1.0677            0.0700
      46        1.4264            0.2091
      47        1.3107            0.1064
      48        1.8937            0.2917
      49        1.0655            0.1269
      50        0.8645            0.0816
      51        0.8164            0.0598
      52        0.8256            0.0452
      53        1.0471            0.0565
      54        1.3078            0.0642
      55        0.6992            0.0265
      56        1.0342            0.0635
      57        0.8452            0.0314
      58        0.7188            0.0127
      59        0.7521            0.0146
      60        0.7935            0.0187
      61        0.7318            0.0361
      62        0.9057            0.0651
      63        0.7134            0.0325
      64        0.8714            0.0316
      65        0.9050            0.0272
      66        0.7312            0.0254
      67        0.9355            0.0143
      68        1.2261            0.0565
      69        1.1080            0.0541
      70        0.7079            0.0248
      71        0.7401            0.0169
      72        0.7997            0.0327
      73        0.9847            0.0396
      74        0.7609            0.0532
      75        0.9085            0.0775
      76        1.2922            0.2549
      77        0.9706            0.1314
      78        0.9846            0.1403
      79        1.3904            0.1632
      80        1.0267            0.1473
      81        1.4305            0.2565
      82        1.6731            0.1893
      83        1.6376            0.4746
      84        1.3659            0.3864
      85        1.0950            0.2099
      86        0.9060            0.0664
      87        0.8337            0.0497
      88        0.8868            0.0513
      89        1.4520            0.1728
      90        0.8327            0.0574
      91        0.7109            0.0232
      92        1.0820            0.0808
      93        0.7384            0.0394
      94        0.6878            0.0323
      95        0.7157            0.0357
      96        1.2361            0.0886
      97        0.7777            0.0332
      98        0.9207            0.0423
      99        0.9217            0.0480
     100        1.0412            0.0913
     101        1.1483            0.0687
     102        1.8209            0.0690
     103        1.0786            0.0561
     104        0.8629            0.0333
     105        1.4352            0.0507
     106        1.4261            0.0324
     107        0.7951            0.0328
     108        0.8432            0.0348
     109        1.0007            0.0436
     110        1.1155            0.0303
     111        0.8115            0.0316
     112        0.9462            0.0245
     113        1.2918            0.0481
     114        0.8630            0.0521
     115        1.0190            0.0540
     116        1.0959            0.0646
     117        1.3274            0.0819
     118        1.1598            0.0564
     119        1.4646            0.1740
     120        2.5322            0.5723
     121        4.1968            0.7791
     122        6.5132            0.9062
