#Frame   AVERAGE_00010 AVERAGE_00010[SD]
       1       12.0750            4.1118
       2       11.4310            3.8157
       3       10.2441            3.2316
       4        8.7598            2.8833
       5        7.7354            2.8498
       6        7.1101            2.6141
       7        7.3215            2.3764
       8        8.0107            2.4719
       9        8.3738            3.0006
      10        8.0971            2.9962
      11        8.5340            3.0413
      12        8.7310            2.6041
      13        8.1398            2.5158
      14        7.9889            2.1674
      15        7.6134            2.1176
      16        6.8787            2.1189
      17        7.1626            2.4302
      18        5.7355            2.0799
      19        5.8517            2.1413
      20        5.0121            1.8578
      21        4.3037            1.4975
      22        3.5726            1.0764
      23        2.4353            0.7868
      24        2.8291            1.1538
      25        2.6209            1.1174
      26        2.2483            0.8158
      27        2.5818            1.0149
      28        2.5391            0.7064
      29        2.0334            0.6906
      30        1.6212            0.5398
      31        1.6873            0.4527
      32        1.3815            0.3737
      33        0.9702            0.2070
      34        0.9001            0.1410
      35        0.9874            0.1384
      36        1.3553            0.1551
      37        0.9711            0.1844
      38        0.8835            0.1388
      39        1.5078            0.1498
      40        1.2583            0.1963
      41        0.9244            0.1621
      42        0.9908            0.1575
      43        1.4531            0.1641
      44        1.6875            0.1440
      45        1.1337            0.1735
      46        1.3704            0.4257
      47        1.4586            0.2208
      48        1.8552            0.3032
      49        1.1418            0.1732
      50        0.9515            0.1271
      51        0.8876            0.1138
      52        0.8803            0.0976
      53        1.1074            0.1356
      54        1.3200            0.1133
      55        0.7511            0.0704
      56        1.1100            0.1102
      57        0.9034            0.0800
      58        0.7678            0.0542
      59        0.7924            0.0462
      60        0.8268            0.0894
      61        0.7839            0.0553
      62        0.9335            0.0358
      63        0.7455            0.0528
      64        0.9748            0.0501
      65        0.9474            0.0589
      66        0.7747            0.0545
      67        1.0048            0.0680
      68        1.3347            0.0717
      69        1.1091            0.1023
      70        0.7895            0.1051
      71        0.8125            0.1139
      72        0.8634            0.1346
      73        1.0812            0.1821
      74        0.8205            0.1287
      75        0.9191            0.1263
      76        1.3355            0.4921
      77        0.9194            0.1505
      78        0.9196            0.1071
      79        1.2320            0.0483
      80        0.9288            0.1193
      81        1.2845            0.1080
      82        1.4636            0.0565
      83        1.5806            0.2479
      84        1.1254            0.1485
      85        0.9692            0.1272
      86        0.9302            0.1116
      87        0.8620            0.1080
      88        0.9358            0.0900
      89        1.5949            0.3400
      90        0.9028            0.1431
      91        0.7826            0.0897
      92        1.1529            0.0917
      93        0.8129            0.1202
      94        0.7572            0.1056
      95        0.7862            0.0963
      96        1.3086            0.2091
      97        0.8528            0.1290
      98        1.0105            0.1300
      99        0.9358            0.1079
     100        1.0376            0.1155
     101        1.1499            0.1093
     102        1.7786            0.0849
     103        1.0872            0.0828
     104        0.8956            0.0966
     105        1.4644            0.0901
     106        1.4872            0.0838
     107        0.8407            0.0731
     108        0.8936            0.0826
     109        1.0480            0.0842
     110        1.1608            0.0633
     111        0.8664            0.0815
     112        0.9845            0.0911
     113        1.3470            0.0855
     114        0.9248            0.1160
     115        1.0655            0.1039
     116        1.1409            0.1074
     117        1.4050            0.1149
     118        1.1845            0.1239
     119        1.5437            0.1832
     120        2.7339            0.3679
     121        4.3674            0.5418
     122        6.8400            0.6205
