#Res        AtomicFlx
1134.000       9.6372
1135.000       8.5962
1136.000       5.5641
1137.000       3.9450
1138.000       2.5053
1139.000       1.7318
1140.000       1.4685
1141.000       1.4986
1142.000       2.0559
1143.000       2.3920
1144.000       2.0728
1145.000       1.9742
1146.000       1.7837
1147.000       2.0694
1148.000       1.8887
1149.000       2.0073
1150.000       2.2483
1151.000       1.9863
1152.000       2.6816
1153.000       2.2730
1154.000       2.5364
1155.000       3.1104
1156.000       4.0960
1157.000       3.9940
1158.000       4.8619
1159.000       6.0399
1160.000       7.5246
1161.000       7.1914
1162.000       6.6541
1163.000       6.8747
1164.000       7.3519
1165.000       7.2073
1166.000       6.7891
1167.000       6.1954
1168.000       5.5860
1169.000       6.3993
1170.000       4.3432
1171.000       2.3336
1172.000       1.6453
1173.000       1.5118
1174.000       1.2752
1175.000       1.7574
1176.000       1.3144
1177.000       1.1616
1178.000       1.1633
1179.000       1.0729
1180.000       1.0146
1181.000       1.1033
1182.000       1.3710
1183.000       1.2280
1184.000       0.8482
1185.000       1.6174
1186.000       1.6539
1187.000       0.9069
1188.000       0.8040
1189.000       1.1679
1190.000       0.8957
1191.000       0.8366
1192.000       1.6191
1193.000       0.9465
1194.000       0.8342
1195.000       0.9052
1196.000       1.2469
1197.000       1.1931
1198.000       1.0980
1199.000       1.0645
1200.000       0.9361
1201.000       1.4241
1202.000       1.3213
1203.000       1.0502
1204.000       0.9766
1205.000       1.1535
1206.000       1.3804
1207.000       1.1666
1208.000       1.2358
1209.000       1.8874
1210.000       1.8710
1211.000       1.7808
1212.000       1.5891
1213.000       1.8772
1214.000       2.0718
1215.000       1.2148
1216.000       1.3909
1217.000       1.1946
1218.000       1.2667
1219.000       1.6405
1220.000       0.9606
1221.000       0.8134
1222.000       0.8674
1223.000       1.1797
1224.000       0.7429
1225.000       0.8372
1226.000       0.8196
1227.000       0.8971
1228.000       0.7251
1229.000       0.8137
1230.000       0.8778
1231.000       0.7611
1232.000       0.9824
1233.000       0.9087
1234.000       0.8600
1235.000       0.8558
1236.000       1.0377
1237.000       1.1069
1238.000       1.2796
1239.000       1.0170
1240.000       1.0191
1241.000       1.0502
1242.000       1.1993
1243.000       1.1322
1244.000       1.1812
1245.000       1.2035
1246.000       1.2663
1247.000       1.3527
1248.000       1.7532
1249.000       1.2939
1250.000       1.3104
1251.000       1.2174
1252.000       1.1132
1253.000       1.3174
1254.000       1.2370
1255.000       1.3948
1256.000       1.1544
1257.000       1.1761
1258.000       1.6579
1259.000       1.1605
1260.000       1.0749
1261.000       1.5812
1262.000       1.9770
1263.000       1.2245
1264.000       1.2678
1265.000       1.4987
1266.000       2.4456
1267.000       3.9031
1268.000       4.7827
