#Res        AtomicFlx
 999.000      10.3197
1000.000       9.3583
1001.000       9.4183
1002.000       9.5171
1003.000      10.9096
1004.000      12.7609
1005.000      14.3626
1006.000      15.1277
1007.000      13.9096
1008.000      12.8803
1009.000      12.8092
1010.000      12.3347
1011.000      11.8811
1012.000      12.4239
1013.000      10.3747
1014.000       9.6771
1015.000      10.8855
1016.000      10.5085
1017.000      11.6262
1018.000      10.7601
1019.000      10.7832
1020.000      10.2883
1021.000      10.1742
1022.000       9.8438
1023.000       9.6545
1024.000       9.4401
1025.000       8.4579
1026.000       7.5100
1027.000       7.8629
1028.000       6.9285
1029.000       6.5367
1030.000       6.0478
1031.000       5.8219
1032.000       5.2462
1033.000       4.7934
1034.000       3.7243
1035.000       2.9832
1036.000       2.4787
1037.000       1.8826
1038.000       1.6357
1039.000       1.5029
1040.000       1.9813
1041.000       1.3368
1042.000       1.2147
1043.000       1.2474
1044.000       1.1968
1045.000       1.1182
1046.000       1.2155
1047.000       1.7432
1048.000       1.4003
1049.000       1.0569
1050.000       1.6941
1051.000       1.9683
1052.000       1.2458
1053.000       1.0253
1054.000       1.3862
1055.000       1.1505
1056.000       1.1255
1057.000       1.8320
1058.000       1.1725
1059.000       1.0842
1060.000       1.0942
1061.000       1.4962
1062.000       1.4323
1063.000       1.2643
1064.000       1.1931
1065.000       1.0832
1066.000       1.5827
1067.000       1.3597
1068.000       1.1549
1069.000       1.1135
1070.000       1.4756
1071.000       1.4348
1072.000       1.1607
1073.000       1.1536
1074.000       1.5646
1075.000       1.7700
1076.000       1.8203
1077.000       1.6084
1078.000       1.6023
1079.000       2.0176
1080.000       1.3149
1081.000       1.3697
1082.000       1.2195
1083.000       1.3575
1084.000       1.3769
1085.000       1.1445
1086.000       0.9827
1087.000       1.0880
1088.000       1.4025
1089.000       0.9001
1090.000       0.9936
1091.000       0.9971
1092.000       1.0912
1093.000       0.8624
1094.000       0.9248
1095.000       1.0847
1096.000       0.8815
1097.000       0.9534
1098.000       0.9479
1099.000       0.9283
1100.000       0.9054
1101.000       0.9580
1102.000       1.1354
1103.000       1.2665
1104.000       0.9717
1105.000       0.9433
1106.000       0.9992
1107.000       1.0557
1108.000       0.9716
1109.000       1.0054
1110.000       1.0239
1111.000       0.9951
1112.000       1.0882
1113.000       1.5364
1114.000       1.0677
1115.000       1.1832
1116.000       1.0876
1117.000       1.0308
1118.000       1.1506
1119.000       1.0825
1120.000       1.2140
1121.000       0.9891
1122.000       1.0492
1123.000       1.5304
1124.000       0.9880
1125.000       0.9866
1126.000       1.2379
1127.000       1.9807
1128.000       1.1239
1129.000       1.1120
1130.000       1.3462
1131.000       2.1542
1132.000       3.5670
1133.000       3.6773
