#Res        AtomicFlx
 999.000       8.7240
1000.000       8.3338
1001.000       6.4817
1002.000       7.5813
1003.000       6.4065
1004.000       8.0419
1005.000       8.5930
1006.000       9.1210
1007.000       6.9098
1008.000       4.7204
1009.000       5.0262
1010.000       3.9046
1011.000       4.2006
1012.000       5.2778
1013.000       5.2013
1014.000       6.1183
1015.000       6.8190
1016.000       7.7677
1017.000       8.3834
1018.000       8.4791
1019.000       8.8632
1020.000       9.4716
1021.000      12.0034
1022.000      11.1420
1023.000      11.2520
1024.000      12.4422
1025.000      10.7828
1026.000       9.8539
1027.000       8.9415
1028.000       8.1483
1029.000       8.4316
1030.000       7.6107
1031.000       6.1848
1032.000       5.3553
1033.000       5.8116
1034.000       4.8207
1035.000       3.7802
1036.000       3.1476
1037.000       2.7120
1038.000       2.4391
1039.000       2.1166
1040.000       2.4441
1041.000       1.9956
1042.000       1.8931
1043.000       1.9600
1044.000       1.8753
1045.000       1.7746
1046.000       1.8816
1047.000       2.0628
1048.000       1.9064
1049.000       1.6186
1050.000       2.1697
1051.000       2.4813
1052.000       1.6277
1053.000       1.5133
1054.000       1.8260
1055.000       1.6010
1056.000       1.5189
1057.000       2.2872
1058.000       1.5395
1059.000       1.5076
1060.000       1.4867
1061.000       1.6728
1062.000       1.7740
1063.000       1.6821
1064.000       1.5870
1065.000       1.4374
1066.000       1.6936
1067.000       1.6377
1068.000       1.4558
1069.000       1.3839
1070.000       1.4938
1071.000       1.6471
1072.000       1.4170
1073.000       1.4240
1074.000       1.8018
1075.000       2.0644
1076.000       1.8045
1077.000       1.8436
1078.000       1.7705
1079.000       2.0308
1080.000       1.4547
1081.000       1.5391
1082.000       1.4242
1083.000       1.4749
1084.000       1.6195
1085.000       1.3674
1086.000       1.2527
1087.000       1.3602
1088.000       1.7110
1089.000       1.1689
1090.000       1.2603
1091.000       1.3380
1092.000       1.3651
1093.000       1.1334
1094.000       1.2522
1095.000       1.3289
1096.000       1.1981
1097.000       1.2601
1098.000       1.3334
1099.000       1.4113
1100.000       1.2668
1101.000       1.2712
1102.000       1.5053
1103.000       1.6976
1104.000       1.2972
1105.000       1.3058
1106.000       1.4391
1107.000       1.4562
1108.000       1.2889
1109.000       1.4099
1110.000       1.4871
1111.000       1.3460
1112.000       1.4570
1113.000       1.8668
1114.000       1.5126
1115.000       1.7122
1116.000       1.5869
1117.000       1.4741
1118.000       1.5180
1119.000       1.3807
1120.000       1.4740
1121.000       1.2813
1122.000       1.2947
1123.000       1.6734
1124.000       1.1436
1125.000       1.1404
1126.000       1.4832
1127.000       1.8773
1128.000       1.1765
1129.000       1.2810
1130.000       1.3840
1131.000       2.2912
1132.000       3.8829
1133.000       4.5707
