#Frame   AVERAGE_00010 AVERAGE_00010[SD]
       1       10.0872            2.9057
       2        9.8528            3.2490
       3        8.6792            2.7696
       4        8.8963            3.1578
       5        8.8914            2.5928
       6        9.6112            2.8502
       7        9.7180            3.3309
       8       10.0006            3.4866
       9        9.3851            3.0725
      10        8.7068            3.2993
      11        9.2876            3.2228
      12        9.1643            3.5375
      13        9.3854            3.6463
      14       10.0135            3.9864
      15        8.9644            3.7577
      16        9.1284            3.6991
      17        9.6759            3.4986
      18        9.4481            3.2230
      19        9.9974            3.8496
      20        9.2053            3.4245
      21        9.2710            2.9329
      22        9.2658            2.7118
      23       10.0989            2.9661
      24        9.4843            2.8161
      25        9.6322            2.8915
      26        9.8588            2.8628
      27        9.7991            2.8918
      28        8.9330            2.2425
      29        8.3124            1.4401
      30        7.6027            0.8807
      31        7.4026            0.6888
      32        6.9774            0.7781
      33        5.9755            0.7787
      34        5.3166            0.8109
      35        5.0047            1.1721
      36        4.5280            0.9818
      37        3.8038            1.0602
      38        3.3141            1.2059
      39        3.1320            1.1852
      40        2.7972            1.1693
      41        2.4445            1.1408
      42        2.9134            1.0047
      43        2.3636            1.1150
      44        2.0787            1.0619
      45        2.1417            1.0853
      46        2.0015            1.1199
      47        1.8779            1.0450
      48        1.9571            0.9816
      49        2.4148            0.9556
      50        2.0725            0.9592
      51        1.7052            0.9354
      52        2.3467            0.7992
      53        2.4558            0.9053
      54        1.7587            0.9277
      55        1.6027            0.8261
      56        1.9430            0.8105
      57        1.6941            0.8413
      58        1.6006            0.7726
      59        2.3408            0.7455
      60        1.6442            0.8334
      61        1.6069            0.9163
      62        1.5934            0.9123
      63        1.8719            0.9204
      64        1.8536            0.8242
      65        1.7795            0.9665
      66        1.7080            0.9726
      67        1.5247            0.8612
      68        1.9388            0.8214
      69        1.9326            0.9413
      70        1.5822            0.8805
      71        1.4886            0.8293
      72        1.7212            0.8011
      73        1.9094            0.8931
      74        1.5308            0.8146
      75        1.5092            0.7977
      76        1.8962            0.8009
      77        2.0210            0.6596
      78        1.9540            0.8345
      79        1.8722            0.7205
      80        1.9098            0.8194
      81        2.2846            0.8670
      82        1.6102            0.8154
      83        1.7364            0.7274
      84        1.5555            0.7451
      85        1.6000            0.5888
      86        1.7283            0.6874
      87        1.4502            0.6388
      88        1.3160            0.6897
      89        1.4515            0.7642
      90        1.7771            0.6926
      91        1.2583            0.6703
      92        1.3777            0.6949
      93        1.4266            0.8109
      94        1.4628            0.6718
      95        1.2277            0.6616
      96        1.3290            0.7260
      97        1.4449            0.7713
      98        1.2872            0.6657
      99        1.3665            0.6106
     100        1.3951            0.7282
     101        1.4271            0.7032
     102        1.3266            0.6239
     103        1.3750            0.6579
     104        1.5867            0.7352
     105        1.7100            0.6147
     106        1.3835            0.5795
     107        1.4322            0.7223
     108        1.5458            0.7613
     109        1.5480            0.6421
     110        1.4343            0.6671
     111        1.5565            0.7736
     112        1.6008            0.7519
     113        1.4989            0.6545
     114        1.6326            0.7528
     115        2.0447            0.7399
     116        1.6724            0.8456
     117        1.8269            0.8931
     118        1.7326            0.9292
     119        1.6188            0.8828
     120        1.7146            0.8612
     121        1.5716            0.8364
     122        1.6974            0.7278
     123        1.4792            0.7629
     124        1.4609            0.6966
     125        1.8757            0.5820
     126        1.3609            0.5759
     127        1.3235            0.5265
     128        1.6481            0.4614
     129        1.9950            0.3454
     130        1.3052            0.3939
     131        1.4693            0.4415
     132        1.5817            0.2987
     133        2.6272            0.4847
     134        3.6457            0.6917
     135        3.8155            1.0751
