#Res        AtomicFlx
 999.000       5.6647
1000.000       4.8687
1001.000       4.5330
1002.000       3.6331
1003.000       5.1254
1004.000       4.9852
1005.000       4.4446
1006.000       4.5034
1007.000       5.1533
1008.000       4.9186
1009.000       5.9615
1010.000       6.2322
1011.000       6.1343
1012.000       5.5253
1013.000       4.5441
1014.000       4.8980
1015.000       6.0437
1016.000       6.4238
1017.000       6.2632
1018.000       5.6449
1019.000       6.7812
1020.000       7.0854
1021.000       8.1800
1022.000       7.4615
1023.000       8.0459
1024.000       8.4807
1025.000       9.6172
1026.000       9.0905
1027.000       8.6895
1028.000       8.2696
1029.000       7.7941
1030.000       7.9114
1031.000       6.6585
1032.000       5.5285
1033.000       4.2870
1034.000       4.3703
1035.000       3.5378
1036.000       2.7606
1037.000       3.3710
1038.000       2.6481
1039.000       1.9789
1040.000       2.9889
1041.000       2.1214
1042.000       1.3847
1043.000       1.4414
1044.000       1.0415
1045.000       0.9779
1046.000       1.1255
1047.000       1.6953
1048.000       1.3407
1049.000       0.8615
1050.000       1.7712
1051.000       1.6304
1052.000       0.8939
1053.000       0.8451
1054.000       1.2258
1055.000       0.9307
1056.000       0.8857
1057.000       1.7162
1058.000       0.8985
1059.000       0.7785
1060.000       0.8094
1061.000       1.1380
1062.000       1.1462
1063.000       0.9511
1064.000       0.9180
1065.000       0.8036
1066.000       1.3805
1067.000       1.4142
1068.000       0.8925
1069.000       0.8095
1070.000       1.0789
1071.000       1.3391
1072.000       0.9092
1073.000       0.8873
1074.000       1.2869
1075.000       1.4404
1076.000       1.2451
1077.000       1.2506
1078.000       1.2986
1079.000       1.6339
1080.000       0.9752
1081.000       1.4315
1082.000       0.9692
1083.000       1.1225
1084.000       1.2970
1085.000       0.9112
1086.000       0.7393
1087.000       0.8183
1088.000       1.2150
1089.000       0.7061
1090.000       0.8331
1091.000       0.7341
1092.000       0.8922
1093.000       0.6767
1094.000       0.7372
1095.000       0.7460
1096.000       0.7183
1097.000       0.8772
1098.000       0.7999
1099.000       0.8152
1100.000       0.7985
1101.000       0.8621
1102.000       0.9426
1103.000       1.1651
1104.000       0.9552
1105.000       0.8571
1106.000       0.9048
1107.000       1.0185
1108.000       0.9212
1109.000       0.9470
1110.000       0.9976
1111.000       1.0089
1112.000       1.0615
1113.000       1.4411
1114.000       1.0048
1115.000       1.0617
1116.000       0.9674
1117.000       0.9025
1118.000       1.0576
1119.000       0.9341
1120.000       1.2162
1121.000       0.9011
1122.000       0.9036
1123.000       1.5155
1124.000       0.9384
1125.000       0.8976
1126.000       1.4754
1127.000       1.7269
1128.000       0.9899
1129.000       1.0012
1130.000       1.3695
1131.000       3.3379
1132.000       3.4339
1133.000       2.7080
