#Res        AtomicFlx
 999.000      14.4956
1000.000      14.0241
1001.000      11.6813
1002.000      10.8028
1003.000      10.6730
1004.000      10.0855
1005.000       9.3124
1006.000       9.4590
1007.000      10.0814
1008.000      10.8834
1009.000      12.3313
1010.000      13.0258
1011.000      13.9610
1012.000      15.4034
1013.000      14.7980
1014.000      15.5378
1015.000      15.8118
1016.000      15.2830
1017.000      16.7550
1018.000      15.0032
1019.000      14.0500
1020.000      13.6453
1021.000      14.3505
1022.000      13.5295
1023.000      13.8856
1024.000      13.4605
1025.000      14.4772
1026.000      12.4359
1027.000      10.2106
1028.000       8.4596
1029.000       7.4835
1030.000       6.0729
1031.000       4.5513
1032.000       3.9576
1033.000       3.3848
1034.000       3.4769
1035.000       2.8998
1036.000       2.5061
1037.000       2.3970
1038.000       2.2272
1039.000       1.9353
1040.000       2.3368
1041.000       1.8351
1042.000       1.7557
1043.000       1.8073
1044.000       1.7430
1045.000       1.6396
1046.000       1.7299
1047.000       2.2982
1048.000       1.7729
1049.000       1.4972
1050.000       2.2072
1051.000       2.0157
1052.000       1.4791
1053.000       1.4541
1054.000       1.7787
1055.000       1.4799
1056.000       1.3900
1057.000       2.0910
1058.000       1.3540
1059.000       1.2888
1060.000       1.2112
1061.000       1.3732
1062.000       1.4622
1063.000       1.3443
1064.000       1.2356
1065.000       1.0997
1066.000       1.4691
1067.000       1.4456
1068.000       1.1020
1069.000       1.0302
1070.000       1.2636
1071.000       1.4417
1072.000       1.0420
1073.000       1.0167
1074.000       1.3694
1075.000       1.5597
1076.000       1.3439
1077.000       1.4016
1078.000       1.3641
1079.000       1.7493
1080.000       1.0995
1081.000       1.1702
1082.000       1.1477
1083.000       1.2897
1084.000       1.2674
1085.000       1.1332
1086.000       0.9490
1087.000       1.0501
1088.000       1.4312
1089.000       0.9502
1090.000       1.0613
1091.000       1.0616
1092.000       1.1946
1093.000       0.9480
1094.000       0.9877
1095.000       1.1234
1096.000       1.0597
1097.000       1.1874
1098.000       1.0858
1099.000       1.2109
1100.000       1.1321
1101.000       1.1233
1102.000       1.3430
1103.000       1.5414
1104.000       1.1798
1105.000       1.2169
1106.000       1.3744
1107.000       1.4301
1108.000       1.2542
1109.000       1.3612
1110.000       1.4476
1111.000       1.3769
1112.000       1.4575
1113.000       1.8987
1114.000       1.4630
1115.000       1.6360
1116.000       1.4898
1117.000       1.3516
1118.000       1.4448
1119.000       1.2434
1120.000       1.4464
1121.000       1.2476
1122.000       1.2301
1123.000       1.6254
1124.000       1.2425
1125.000       1.2443
1126.000       1.4929
1127.000       1.7310
1128.000       1.1533
1129.000       1.7784
1130.000       1.6826
1131.000       2.2714
1132.000       2.6037
1133.000       2.6747
