#Res        AtomicFlx
1134.000       2.4699
1135.000       2.3187
1136.000       1.7759
1137.000       1.9236
1138.000       2.5604
1139.000       1.8884
1140.000       1.9581
1141.000       2.2529
1142.000       2.4401
1143.000       2.6006
1144.000       2.9117
1145.000       3.6370
1146.000       3.4365
1147.000       3.6362
1148.000       2.7457
1149.000       2.6531
1150.000       2.6916
1151.000       2.5054
1152.000       3.7890
1153.000       4.0104
1154.000       4.8528
1155.000       5.0505
1156.000       7.4889
1157.000       7.9316
1158.000       8.9662
1159.000      10.9941
1160.000      13.5350
1161.000      12.8402
1162.000      10.3918
1163.000       8.9234
1164.000       7.7731
1165.000       6.7668
1166.000       5.8437
1167.000       4.8067
1168.000       4.2964
1169.000       3.6234
1170.000       3.0919
1171.000       2.1454
1172.000       1.7637
1173.000       1.7061
1174.000       1.4991
1175.000       1.8612
1176.000       1.3030
1177.000       1.1374
1178.000       1.1459
1179.000       1.1332
1180.000       1.0701
1181.000       1.1368
1182.000       1.3251
1183.000       1.2323
1184.000       0.9401
1185.000       1.7627
1186.000       1.6875
1187.000       0.9912
1188.000       0.9172
1189.000       1.3024
1190.000       1.0195
1191.000       1.0130
1192.000       1.4556
1193.000       1.1543
1194.000       1.0833
1195.000       1.1936
1196.000       1.3213
1197.000       1.5122
1198.000       1.4967
1199.000       1.4532
1200.000       1.2876
1201.000       1.6952
1202.000       1.6749
1203.000       1.4434
1204.000       1.3787
1205.000       1.5398
1206.000       1.7196
1207.000       1.4891
1208.000       1.5244
1209.000       1.7885
1210.000       1.9711
1211.000       1.7800
1212.000       1.8701
1213.000       1.9692
1214.000       2.2465
1215.000       1.6739
1216.000       1.7103
1217.000       1.5498
1218.000       1.4575
1219.000       1.5114
1220.000       1.2860
1221.000       1.1856
1222.000       1.2405
1223.000       1.5402
1224.000       1.0584
1225.000       1.1074
1226.000       1.1252
1227.000       1.1969
1228.000       0.9982
1229.000       1.0607
1230.000       1.0423
1231.000       0.9597
1232.000       1.0878
1233.000       1.0489
1234.000       1.0167
1235.000       0.9628
1236.000       1.0656
1237.000       1.2382
1238.000       1.3146
1239.000       1.2214
1240.000       1.1107
1241.000       1.1084
1242.000       1.2356
1243.000       1.1674
1244.000       1.2196
1245.000       1.2192
1246.000       1.2707
1247.000       1.3832
1248.000       1.7421
1249.000       1.3340
1250.000       1.3261
1251.000       1.2844
1252.000       1.1985
1253.000       1.3964
1254.000       1.3312
1255.000       1.4979
1256.000       1.3254
1257.000       1.3007
1258.000       1.9230
1259.000       1.3518
1260.000       1.2069
1261.000       1.8521
1262.000       2.0513
1263.000       1.2770
1264.000       1.2481
1265.000       1.7959
1266.000       2.9810
1267.000       3.5709
1268.000       5.1615
