#Res        AtomicFlx
1134.000      14.3282
1135.000      13.3930
1136.000      12.8951
1137.000      14.4828
1138.000      13.6292
1139.000      12.4619
1140.000      11.5080
1141.000      11.4676
1142.000       9.4287
1143.000       8.7850
1144.000       8.7261
1145.000       8.1657
1146.000       7.5781
1147.000       7.3523
1148.000       5.4573
1149.000       4.8898
1150.000       4.3284
1151.000       4.7712
1152.000       4.8144
1153.000       4.5663
1154.000       4.2150
1155.000       4.1361
1156.000       3.9052
1157.000       4.3105
1158.000       5.7389
1159.000       7.8008
1160.000       9.3151
1161.000       9.1175
1162.000       8.8788
1163.000       9.5589
1164.000       9.5034
1165.000       9.5460
1166.000       8.1100
1167.000       6.7600
1168.000       5.3993
1169.000       4.3031
1170.000       3.5500
1171.000       2.3761
1172.000       2.2961
1173.000       2.4471
1174.000       2.3599
1175.000       2.8375
1176.000       2.4255
1177.000       2.2921
1178.000       2.3113
1179.000       1.9482
1180.000       1.9538
1181.000       2.1619
1182.000       2.1175
1183.000       1.9104
1184.000       1.8124
1185.000       2.6200
1186.000       2.1452
1187.000       1.4110
1188.000       1.7723
1189.000       1.9581
1190.000       1.4445
1191.000       1.2395
1192.000       1.8094
1193.000       0.9537
1194.000       0.9297
1195.000       0.7760
1196.000       0.8973
1197.000       1.1162
1198.000       1.0923
1199.000       1.0470
1200.000       0.8403
1201.000       1.4304
1202.000       1.5155
1203.000       1.2263
1204.000       1.1805
1205.000       1.6853
1206.000       1.7229
1207.000       1.4436
1208.000       1.4724
1209.000       2.1388
1210.000       2.2763
1211.000       2.1152
1212.000       1.9165
1213.000       2.0382
1214.000       2.2441
1215.000       1.5203
1216.000       1.7971
1217.000       1.2535
1218.000       1.3990
1219.000       1.2242
1220.000       0.9985
1221.000       0.7655
1222.000       0.7788
1223.000       1.2107
1224.000       0.6255
1225.000       0.6851
1226.000       0.6624
1227.000       0.9469
1228.000       0.7818
1229.000       0.8902
1230.000       1.0479
1231.000       1.1139
1232.000       1.3010
1233.000       1.3246
1234.000       1.4466
1235.000       1.5745
1236.000       1.7132
1237.000       1.8111
1238.000       2.1045
1239.000       2.0541
1240.000       2.0636
1241.000       2.2382
1242.000       2.4579
1243.000       2.4129
1244.000       2.5866
1245.000       2.7155
1246.000       2.8311
1247.000       2.9457
1248.000       3.3011
1249.000       2.7610
1250.000       2.6054
1251.000       2.5127
1252.000       2.2117
1253.000       2.5045
1254.000       2.2895
1255.000       2.6750
1256.000       2.3434
1257.000       2.1087
1258.000       2.6755
1259.000       2.3500
1260.000       2.0650
1261.000       2.2969
1262.000       2.6898
1263.000       2.1823
1264.000       2.0427
1265.000       2.0669
1266.000       2.1016
1267.000       3.9307
1268.000       3.9169
