#Res        AtomicFlx
1134.000      10.1430
1135.000      10.7129
1136.000       9.6110
1137.000       9.1810
1138.000       8.8207
1139.000       7.7492
1140.000       8.3206
1141.000       8.1503
1142.000      10.4723
1143.000      12.5370
1144.000      13.3807
1145.000      10.8568
1146.000      10.4035
1147.000      10.5358
1148.000      10.5757
1149.000      11.4348
1150.000      11.0041
1151.000      12.0477
1152.000      11.8485
1153.000      10.9777
1154.000       8.7992
1155.000       7.9150
1156.000       7.1553
1157.000       7.1116
1158.000       7.2084
1159.000       7.7823
1160.000       7.0464
1161.000       6.4887
1162.000       6.1607
1163.000       6.4018
1164.000       7.0577
1165.000       7.0379
1166.000       6.9182
1167.000       5.7945
1168.000       4.7238
1169.000       3.7931
1170.000       2.4983
1171.000       2.0040
1172.000       1.5675
1173.000       1.6115
1174.000       1.1851
1175.000       1.6377
1176.000       1.1203
1177.000       1.0208
1178.000       1.0406
1179.000       0.9662
1180.000       0.9199
1181.000       1.0068
1182.000       1.1573
1183.000       1.2500
1184.000       0.8354
1185.000       1.6799
1186.000       1.7775
1187.000       0.9208
1188.000       0.8404
1189.000       1.2153
1190.000       0.9317
1191.000       0.8914
1192.000       1.7309
1193.000       1.0316
1194.000       0.8961
1195.000       0.9076
1196.000       1.4513
1197.000       1.2718
1198.000       1.0457
1199.000       0.9961
1200.000       0.8961
1201.000       1.4689
1202.000       1.3389
1203.000       0.9559
1204.000       0.9275
1205.000       1.4501
1206.000       1.2040
1207.000       0.9964
1208.000       0.9953
1209.000       1.3040
1210.000       1.6074
1211.000       1.7860
1212.000       1.4406
1213.000       1.4479
1214.000       1.8774
1215.000       1.2057
1216.000       1.2340
1217.000       1.0814
1218.000       1.0954
1219.000       1.1551
1220.000       0.9404
1221.000       0.8237
1222.000       0.8962
1223.000       1.2740
1224.000       0.8064
1225.000       0.9452
1226.000       0.8195
1227.000       0.9632
1228.000       0.7783
1229.000       0.8754
1230.000       0.9633
1231.000       0.8096
1232.000       0.8958
1233.000       0.8413
1234.000       0.8942
1235.000       0.7896
1236.000       0.9302
1237.000       1.0231
1238.000       1.1751
1239.000       0.9350
1240.000       0.8496
1241.000       0.8897
1242.000       1.0445
1243.000       0.9262
1244.000       0.9369
1245.000       0.9685
1246.000       0.9785
1247.000       1.0516
1248.000       1.4833
1249.000       1.0192
1250.000       0.9821
1251.000       0.9802
1252.000       0.9006
1253.000       1.0785
1254.000       0.9771
1255.000       1.1520
1256.000       1.0698
1257.000       1.0761
1258.000       1.4332
1259.000       0.9900
1260.000       0.9748
1261.000       1.4110
1262.000       1.8378
1263.000       1.0976
1264.000       1.3706
1265.000       1.4453
1266.000       1.9332
1267.000       3.9004
1268.000       4.0127
