#Res        AtomicFlx
 999.000      11.2318
1000.000      12.6789
1001.000      11.2818
1002.000      12.9470
1003.000      11.3426
1004.000      12.1824
1005.000      11.8774
1006.000      11.7917
1007.000      10.8713
1008.000      10.1311
1009.000      10.3100
1010.000      10.3242
1011.000      10.7498
1012.000      11.4372
1013.000       9.9037
1014.000       9.4107
1015.000       8.8193
1016.000       7.2576
1017.000       6.9592
1018.000       6.1394
1019.000       5.8773
1020.000       5.8382
1021.000       5.7865
1022.000       5.4445
1023.000       5.3228
1024.000       5.4704
1025.000       5.6603
1026.000       5.7747
1027.000       5.8576
1028.000       6.2074
1029.000       6.7670
1030.000       7.2444
1031.000       6.6609
1032.000       6.4954
1033.000       6.7465
1034.000       6.2479
1035.000       5.8182
1036.000       5.6776
1037.000       5.2974
1038.000       5.0359
1039.000       4.6887
1040.000       4.8160
1041.000       4.5289
1042.000       4.1454
1043.000       4.2522
1044.000       4.1507
1045.000       3.8792
1046.000       3.8329
1047.000       4.2747
1048.000       3.9421
1049.000       3.4918
1050.000       3.8913
1051.000       4.1834
1052.000       3.5468
1053.000       3.1758
1054.000       3.4985
1055.000       3.3084
1056.000       3.0827
1057.000       3.7776
1058.000       3.2564
1059.000       3.3754
1060.000       3.3654
1061.000       3.6795
1062.000       3.4532
1063.000       3.6556
1064.000       3.6062
1065.000       3.1995
1066.000       3.5681
1067.000       3.8058
1068.000       3.3059
1069.000       3.1059
1070.000       3.2943
1071.000       3.6843
1072.000       3.1253
1073.000       3.0643
1074.000       3.4581
1075.000       3.2703
1076.000       3.5561
1077.000       3.2570
1078.000       3.5136
1079.000       3.9912
1080.000       3.2067
1081.000       3.1713
1082.000       3.0170
1083.000       2.7553
1084.000       3.0806
1085.000       2.6947
1086.000       2.6562
1087.000       2.9407
1088.000       3.1256
1089.000       2.5662
1090.000       2.7401
1091.000       3.0022
1092.000       2.7709
1093.000       2.5178
1094.000       2.7431
1095.000       2.9413
1096.000       2.5786
1097.000       2.5543
1098.000       2.8086
1099.000       2.7696
1100.000       2.5301
1101.000       2.6606
1102.000       3.0073
1103.000       2.8793
1104.000       2.5137
1105.000       2.8380
1106.000       3.0113
1107.000       2.7795
1108.000       2.7358
1109.000       3.0589
1110.000       3.0477
1111.000       2.7676
1112.000       3.0987
1113.000       3.4804
1114.000       3.3139
1115.000       3.5412
1116.000       3.5312
1117.000       3.3350
1118.000       3.4019
1119.000       3.2172
1120.000       3.1362
1121.000       2.9769
1122.000       2.8267
1123.000       3.0338
1124.000       2.4921
1125.000       2.3488
1126.000       2.5509
1127.000       2.6589
1128.000       2.0823
1129.000       2.1741
1130.000       2.1260
1131.000       3.0815
1132.000       4.7409
1133.000       5.4470
