#Res        AtomicFlx
1134.000      14.2824
1135.000      13.4371
1136.000      11.3345
1137.000      10.3876
1138.000       9.9800
1139.000       8.4085
1140.000       7.2874
1141.000       7.2798
1142.000       5.7954
1143.000       5.4339
1144.000       5.6217
1145.000       5.5084
1146.000       5.3205
1147.000       5.9871
1148.000       4.6889
1149.000       4.7747
1150.000       5.5340
1151.000       5.7538
1152.000       7.4236
1153.000       8.8764
1154.000       8.9589
1155.000       8.1131
1156.000       9.6736
1157.000      10.1921
1158.000      11.6758
1159.000      11.9327
1160.000      12.8355
1161.000      12.5202
1162.000      10.0881
1163.000       8.7140
1164.000       8.0251
1165.000       5.9112
1166.000       4.1659
1167.000       3.4590
1168.000       3.4274
1169.000       2.7097
1170.000       2.3541
1171.000       1.8567
1172.000       1.4147
1173.000       1.4208
1174.000       1.1583
1175.000       1.5700
1176.000       1.0954
1177.000       1.0459
1178.000       1.0979
1179.000       0.9480
1180.000       0.8728
1181.000       1.0795
1182.000       1.1339
1183.000       1.1037
1184.000       0.8009
1185.000       1.5459
1186.000       1.5280
1187.000       0.8357
1188.000       0.8308
1189.000       1.2540
1190.000       0.9231
1191.000       0.8627
1192.000       1.6307
1193.000       0.8729
1194.000       0.7086
1195.000       0.6935
1196.000       0.8950
1197.000       0.9623
1198.000       0.8407
1199.000       0.7743
1200.000       0.6899
1201.000       1.2583
1202.000       0.9917
1203.000       0.7440
1204.000       0.7040
1205.000       0.9613
1206.000       1.0411
1207.000       0.8022
1208.000       0.8134
1209.000       1.1582
1210.000       1.4885
1211.000       1.5959
1212.000       1.2862
1213.000       1.4464
1214.000       1.7404
1215.000       0.9648
1216.000       0.9838
1217.000       0.9084
1218.000       0.9464
1219.000       1.0310
1220.000       0.8444
1221.000       0.6418
1222.000       0.7203
1223.000       1.1750
1224.000       0.5940
1225.000       0.6140
1226.000       0.6359
1227.000       0.8568
1228.000       0.6010
1229.000       0.6391
1230.000       0.8249
1231.000       0.6630
1232.000       0.8162
1233.000       0.7322
1234.000       0.7216
1235.000       0.7286
1236.000       0.7916
1237.000       0.9557
1238.000       1.2153
1239.000       0.8501
1240.000       0.7876
1241.000       0.8529
1242.000       1.0418
1243.000       0.8845
1244.000       0.9124
1245.000       0.9713
1246.000       1.0077
1247.000       1.0755
1248.000       1.5600
1249.000       1.0120
1250.000       1.0688
1251.000       0.9362
1252.000       0.8343
1253.000       0.9969
1254.000       0.8958
1255.000       1.1705
1256.000       0.9764
1257.000       0.8863
1258.000       1.4511
1259.000       1.0184
1260.000       0.9832
1261.000       1.2500
1262.000       1.8806
1263.000       1.1875
1264.000       1.8551
1265.000       1.6045
1266.000       2.4252
1267.000       3.9406
1268.000       4.0584
