#Frame   AVERAGE_00010 AVERAGE_00010[SD]
       1       10.1721            4.3308
       2        9.6916            4.1069
       3        8.2361            4.0514
       4        7.9840            4.5274
       5        7.4991            4.3545
       6        6.4480            4.1167
       7        6.1085            3.8521
       8        6.1298            3.7517
       9        6.0385            3.4647
      10        6.3497            3.8671
      11        6.5426            4.1361
      12        6.0284            3.1720
      13        5.7045            3.0415
      14        5.9162            2.9463
      15        5.0713            3.0375
      16        5.1519            3.3412
      17        5.1613            3.1482
      18        5.4129            3.5984
      19        6.1114            3.2703
      20        6.1408            3.2514
      21        5.8725            2.5694
      22        5.6650            2.0148
      23        6.4638            2.1902
      24        6.7080            2.3200
      25        7.6902            2.4311
      26        8.9100            2.2009
      27       10.0513            2.6774
      28        9.6316            2.6357
      29        8.4347            1.7380
      30        8.0946            1.2303
      31        7.9422            0.8490
      32        7.2938            1.2112
      33        6.3654            1.3144
      34        5.4031            1.1625
      35        4.6866            0.7818
      36        4.1657            1.2297
      37        3.1675            0.7272
      38        2.1432            0.1959
      39        1.7375            0.3014
      40        1.7395            0.3665
      41        1.4955            0.4485
      42        1.9328            0.4633
      43        1.4517            0.4952
      44        1.3316            0.4832
      45        1.3518            0.4816
      46        1.2137            0.3735
      47        1.1662            0.3998
      48        1.2977            0.4342
      49        1.4210            0.3602
      50        1.3449            0.2875
      51        1.0474            0.3853
      52        1.8452            0.3939
      53        1.7584            0.2093
      54        1.0131            0.2050
      55        1.0329            0.3716
      56        1.3795            0.2926
      57        1.0429            0.2050
      58        0.9686            0.1483
      59        1.6491            0.1192
      60        0.9918            0.0955
      61        0.8904            0.1225
      62        0.8952            0.1698
      63        1.1624            0.2270
      64        1.2111            0.1820
      65        1.1147            0.2129
      66        1.0670            0.2192
      67        0.9300            0.1974
      68        1.4554            0.1401
      69        1.3685            0.2283
      70        1.0840            0.2377
      71        1.0335            0.2297
      72        1.3580            0.2638
      73        1.4136            0.2732
      74        1.1796            0.2614
      75        1.2083            0.2727
      76        1.6554            0.3677
      77        1.8429            0.2779
      78        1.8116            0.1681
      79        1.6205            0.2429
      80        1.7558            0.2571
      81        2.0360            0.2007
      82        1.3159            0.2512
      83        1.4232            0.3007
      84        1.1975            0.2118
      85        1.2330            0.1898
      86        1.3124            0.2276
      87        1.0060            0.1490
      88        0.8460            0.1817
      89        0.9006            0.1811
      90        1.2759            0.1368
      91        0.7654            0.1655
      92        0.8378            0.1776
      93        0.8125            0.1741
      94        0.9722            0.1185
      95        0.7769            0.1285
      96        0.8558            0.1359
      97        0.9512            0.0885
      98        0.8615            0.1584
      99        1.0166            0.1684
     100        0.9711            0.2044
     101        0.9878            0.2479
     102        0.9823            0.3061
     103        1.1077            0.3177
     104        1.2270            0.3069
     105        1.4178            0.3468
     106        1.2155            0.4370
     107        1.1661            0.4634
     108        1.2279            0.5141
     109        1.3958            0.5369
     110        1.3046            0.5651
     111        1.3673            0.6221
     112        1.4156            0.6589
     113        1.4709            0.6912
     114        1.5617            0.7053
     115        1.9679            0.6746
     116        1.4840            0.6524
     117        1.4586            0.5888
     118        1.3862            0.5788
     119        1.2517            0.4982
     120        1.4587            0.5432
     121        1.3461            0.4982
     122        1.5780            0.5641
     123        1.3739            0.4982
     124        1.3096            0.4219
     125        1.8281            0.4592
     126        1.3741            0.5045
     127        1.2610            0.4106
     128        1.6782            0.3680
     129        2.0873            0.3103
     130        1.3938            0.3986
     131        1.5569            0.3282
     132        1.6823            0.2266
     133        2.3773            0.3591
     134        3.8491            0.1400
     135        4.3864            0.4951
