#Res        AtomicFlx
 999.000       8.0915
1000.000       8.1431
1001.000       8.1437
1002.000       8.2082
1003.000       8.7461
1004.000       9.4077
1005.000      10.6328
1006.000      11.9421
1007.000      11.8505
1008.000      10.1549
1009.000       9.1121
1010.000       8.1407
1011.000       7.3701
1012.000       7.0304
1013.000       5.6553
1014.000       5.7136
1015.000       5.7345
1016.000       3.9764
1017.000       3.8609
1018.000       4.3261
1019.000       5.9667
1020.000       7.3302
1021.000       6.7691
1022.000       6.8175
1023.000       6.0926
1024.000       6.4143
1025.000       5.5115
1026.000       6.1241
1027.000       6.3378
1028.000       6.3665
1029.000       5.7313
1030.000       5.6133
1031.000       5.3575
1032.000       5.3976
1033.000       5.6893
1034.000       6.4015
1035.000       6.1613
1036.000       5.2684
1037.000       4.0319
1038.000       3.4487
1039.000       3.3608
1040.000       3.8644
1041.000       3.0586
1042.000       2.9247
1043.000       3.0479
1044.000       2.9829
1045.000       2.7793
1046.000       2.8402
1047.000       3.5095
1048.000       3.0981
1049.000       2.5468
1050.000       3.1957
1051.000       3.1143
1052.000       2.5638
1053.000       2.4157
1054.000       2.7764
1055.000       2.5571
1056.000       2.4091
1057.000       2.8957
1058.000       2.3572
1059.000       2.3345
1060.000       2.2855
1061.000       2.6521
1062.000       2.4511
1063.000       2.3012
1064.000       2.2672
1065.000       2.0435
1066.000       2.2412
1067.000       2.2808
1068.000       1.9846
1069.000       1.8563
1070.000       1.9761
1071.000       2.3676
1072.000       1.7861
1073.000       1.7054
1074.000       2.0834
1075.000       2.0080
1076.000       2.0570
1077.000       1.8354
1078.000       2.1503
1079.000       2.4454
1080.000       1.8195
1081.000       1.9481
1082.000       1.9095
1083.000       2.0263
1084.000       2.2096
1085.000       2.0159
1086.000       1.8332
1087.000       1.9485
1088.000       2.3013
1089.000       1.8204
1090.000       1.8254
1091.000       2.0383
1092.000       2.0375
1093.000       1.7600
1094.000       1.8382
1095.000       2.1275
1096.000       1.8702
1097.000       1.7310
1098.000       1.9438
1099.000       2.0485
1100.000       1.8744
1101.000       1.8801
1102.000       2.1519
1103.000       2.2618
1104.000       2.0198
1105.000       2.0270
1106.000       2.2353
1107.000       2.1972
1108.000       2.0497
1109.000       2.2666
1110.000       2.3861
1111.000       2.2008
1112.000       2.3807
1113.000       2.8205
1114.000       2.4183
1115.000       2.5872
1116.000       2.4631
1117.000       2.2699
1118.000       2.2862
1119.000       2.0900
1120.000       2.2005
1121.000       2.0579
1122.000       1.9255
1123.000       2.3104
1124.000       1.8851
1125.000       1.7762
1126.000       2.2503
1127.000       2.3419
1128.000       1.7960
1129.000       1.7316
1130.000       1.8421
1131.000       3.0048
1132.000       4.5837
1133.000       4.4831
