#Res        AtomicFlx
1134.000      10.2540
1135.000       9.5350
1136.000       8.0020
1137.000       9.2303
1138.000       9.5615
1139.000       9.6978
1140.000       8.7408
1141.000       8.2240
1142.000       9.6140
1143.000       9.2979
1144.000       8.5676
1145.000       8.5313
1146.000       8.5553
1147.000       8.6234
1148.000       8.3193
1149.000       8.5552
1150.000       8.3741
1151.000       9.4891
1152.000      10.3425
1153.000       9.1181
1154.000       8.8071
1155.000       9.3798
1156.000      10.4529
1157.000       9.0871
1158.000       9.1376
1159.000       9.6312
1160.000       9.0816
1161.000       8.4283
1162.000       7.7156
1163.000       7.4878
1164.000       8.3270
1165.000       8.7438
1166.000       8.3818
1167.000       8.1721
1168.000       7.3438
1169.000       7.0603
1170.000       6.3230
1171.000       5.5038
1172.000       4.6397
1173.000       4.4624
1174.000       4.2083
1175.000       4.7841
1176.000       4.1967
1177.000       3.9166
1178.000       3.9832
1179.000       3.7231
1180.000       3.5682
1181.000       3.6517
1182.000       3.6929
1183.000       3.3867
1184.000       3.1981
1185.000       3.6441
1186.000       3.5915
1187.000       2.9295
1188.000       2.9094
1189.000       2.9374
1190.000       2.6971
1191.000       2.4350
1192.000       3.1722
1193.000       2.4426
1194.000       2.5919
1195.000       2.4823
1196.000       2.6513
1197.000       2.5187
1198.000       2.5198
1199.000       2.5587
1200.000       2.3117
1201.000       2.6456
1202.000       2.7245
1203.000       2.4887
1204.000       2.3282
1205.000       2.9248
1206.000       2.7329
1207.000       2.5254
1208.000       2.5357
1209.000       2.9536
1210.000       3.3419
1211.000       2.8046
1212.000       3.1113
1213.000       2.9734
1214.000       3.0345
1215.000       2.5814
1216.000       2.6762
1217.000       2.3706
1218.000       2.3520
1219.000       2.3473
1220.000       2.1520
1221.000       2.0524
1222.000       2.1335
1223.000       2.3247
1224.000       1.9870
1225.000       2.0530
1226.000       2.1871
1227.000       2.1632
1228.000       2.0910
1229.000       2.2309
1230.000       2.4030
1231.000       2.2689
1232.000       2.4676
1233.000       2.5616
1234.000       2.5927
1235.000       2.6279
1236.000       2.7986
1237.000       2.9941
1238.000       3.0282
1239.000       3.0070
1240.000       3.2323
1241.000       3.4249
1242.000       3.5278
1243.000       3.5656
1244.000       3.8382
1245.000       3.9164
1246.000       4.0256
1247.000       4.2471
1248.000       4.6916
1249.000       4.1045
1250.000       4.0278
1251.000       3.9411
1252.000       3.5873
1253.000       3.8437
1254.000       3.5697
1255.000       3.8144
1256.000       3.5692
1257.000       3.2047
1258.000       3.6542
1259.000       3.4284
1260.000       3.0690
1261.000       3.1018
1262.000       3.7577
1263.000       3.1855
1264.000       3.0484
1265.000       3.0994
1266.000       3.1681
1267.000       4.9322
1268.000       4.4756
