#Res        AtomicFlx
 999.000      21.7479
1000.000      20.6674
1001.000      21.6357
1002.000      21.4601
1003.000      23.0685
1004.000      23.5002
1005.000      24.4837
1006.000      24.0771
1007.000      25.1687
1008.000      24.5882
1009.000      24.5705
1010.000      24.3738
1011.000      23.9922
1012.000      24.2485
1013.000      23.7797
1014.000      24.3576
1015.000      24.2543
1016.000      26.1118
1017.000      25.1110
1018.000      24.8599
1019.000      23.0055
1020.000      20.5656
1021.000      18.8796
1022.000      16.3261
1023.000      14.6003
1024.000      13.6490
1025.000      12.1880
1026.000      10.5175
1027.000       9.5024
1028.000       9.6355
1029.000      10.4885
1030.000      10.8112
1031.000      10.0019
1032.000       9.3700
1033.000       8.3214
1034.000       8.7015
1035.000       7.9130
1036.000       6.8112
1037.000       6.8152
1038.000       6.8199
1039.000       6.3183
1040.000       6.5216
1041.000       5.9430
1042.000       5.6280
1043.000       5.7998
1044.000       5.7236
1045.000       5.3612
1046.000       5.3533
1047.000       5.8654
1048.000       5.3387
1049.000       4.8892
1050.000       5.3327
1051.000       5.3756
1052.000       4.8533
1053.000       4.5632
1054.000       4.9492
1055.000       4.6971
1056.000       4.4400
1057.000       4.8027
1058.000       4.3645
1059.000       4.5016
1060.000       4.3459
1061.000       4.7297
1062.000       4.4773
1063.000       4.4999
1064.000       4.4374
1065.000       3.9531
1066.000       4.1967
1067.000       4.3545
1068.000       3.9182
1069.000       3.6592
1070.000       3.8415
1071.000       3.9807
1072.000       3.5502
1073.000       3.4397
1074.000       3.8356
1075.000       3.7679
1076.000       3.4494
1077.000       3.3995
1078.000       3.6305
1079.000       3.8521
1080.000       3.5692
1081.000       3.7627
1082.000       3.6085
1083.000       3.7392
1084.000       4.1269
1085.000       3.7508
1086.000       3.4890
1087.000       3.7290
1088.000       4.0523
1089.000       3.4722
1090.000       3.4719
1091.000       3.8799
1092.000       3.8017
1093.000       3.4124
1094.000       3.5684
1095.000       3.9748
1096.000       3.5992
1097.000       3.4134
1098.000       3.7780
1099.000       3.8443
1100.000       3.6114
1101.000       3.6884
1102.000       4.0883
1103.000       3.9609
1104.000       3.6223
1105.000       3.9530
1106.000       4.2540
1107.000       3.9897
1108.000       3.9222
1109.000       4.3377
1110.000       4.3877
1111.000       4.0410
1112.000       4.4389
1113.000       4.8786
1114.000       4.6771
1115.000       4.9372
1116.000       4.8907
1117.000       4.5339
1118.000       4.5703
1119.000       4.2532
1120.000       4.2630
1121.000       4.0474
1122.000       3.7865
1123.000       3.9587
1124.000       3.5342
1125.000       3.2903
1126.000       3.5441
1127.000       3.5554
1128.000       3.0199
1129.000       3.1532
1130.000       3.0380
1131.000       4.1996
1132.000       6.0290
1133.000       6.4445
