#Frame   AVERAGE_00010 AVERAGE_00010[SD]
       1       11.0399            7.1215
       2       10.6506            6.7585
       3       10.3202            6.9322
       4        9.9299            6.8487
       5       10.4747            7.3888
       6       10.5117            7.5445
       7       11.1963            7.8469
       8       11.7351            7.7635
       9       11.8598            8.1032
      10       11.2309            7.9157
      11       10.9692            7.9325
      12       10.5352            7.9057
      13       10.1407            7.8272
      14       10.0215            7.9700
      15        9.3151            7.8927
      16        9.6025            8.0797
      17        9.8564            8.0508
      18       10.0983            8.9551
      19        9.9946            8.6046
      20        9.9787            8.5835
      21       10.1215            7.8495
      22       10.1109            6.9349
      23        9.8180            6.5890
      24        8.8122            5.5794
      25        8.0065            4.9277
      26        7.8736            4.5730
      27        7.1868            4.1838
      28        6.6212            3.6011
      29        6.2972            3.3044
      30        6.4415            3.3866
      31        6.3567            3.5393
      32        6.4835            3.6366
      33        6.3170            3.4889
      34        6.1171            3.3156
      35        6.0491            3.1763
      36        6.2595            3.2522
      37        5.8167            2.9958
      38        5.2714            2.7474
      39        4.8414            2.6550
      40        4.6576            2.6451
      41        4.3491            2.4450
      42        4.5449            2.4976
      43        4.0798            2.3250
      44        3.8313            2.1757
      45        3.9565            2.2418
      46        3.9015            2.1935
      47        3.6414            2.0509
      48        3.6260            2.0417
      49        4.0474            2.1927
      50        3.7292            2.0342
      51        3.3184            1.8637
      52        3.7216            2.0342
      53        3.7931            2.0755
      54        3.3466            1.8749
      55        3.1031            1.7327
      56        3.4222            1.8809
      57        3.2614            1.8169
      58        3.0662            1.7305
      59        3.4739            1.9193
      60        3.0665            1.7828
      61        3.1350            1.8095
      62        3.0663            1.8085
      63        3.4426            1.9934
      64        3.2137            1.9454
      65        3.2589            2.0457
      66        3.1943            1.9783
      67        2.8181            1.7669
      68        3.0563            1.9506
      69        3.2336            2.0428
      70        2.8181            1.8104
      71        2.6284            1.7494
      72        2.8973            1.9538
      73        3.0851            1.8961
      74        2.5636            1.6961
      75        2.5030            1.7125
      76        2.8633            1.8745
      77        2.7914            1.7852
      78        2.5697            1.5923
      79        2.5886            1.7435
      80        2.8460            1.8902
      81        3.1280            2.0281
      82        2.6401            1.8256
      83        2.8234            1.9593
      84        2.6321            1.8064
      85        2.6662            1.8108
      86        2.9264            1.8839
      87        2.6388            1.7211
      88        2.4466            1.6430
      89        2.6332            1.7196
      90        2.8881            1.7618
      91        2.3867            1.5174
      92        2.4043            1.5359
      93        2.7190            1.6583
      94        2.6018            1.5431
      95        2.2991            1.3852
      96        2.4423            1.4642
      97        2.7472            1.5837
      98        2.4248            1.3904
      99        2.2908            1.3288
     100        2.5698            1.4706
     101        2.6202            1.4643
     102        2.4189            1.3539
     103        2.4661            1.3891
     104        2.7852            1.5564
     105        2.7047            1.4838
     106        2.4628            1.3588
     107        2.6677            1.5020
     108        2.8785            1.6306
     109        2.6954            1.5279
     110        2.6487            1.5059
     111        2.9414            1.6806
     112        2.9780            1.7155
     113        2.7516            1.6004
     114        3.0318            1.7396
     115        3.3721            1.9138
     116        3.1771            1.8158
     117        3.3595            1.9137
     118        3.3268            1.8963
     119        3.0863            1.7520
     120        3.1336            1.7815
     121        2.9150            1.6670
     122        2.9318            1.6508
     123        2.7590            1.5612
     124        2.6059            1.4773
     125        2.7850            1.5247
     126        2.4200            1.3502
     127        2.2880            1.2741
     128        2.4889            1.3386
     129        2.5771            1.3664
     130        2.1161            1.1509
     131        2.1668            1.1997
     132        2.1984            1.2178
     133        2.8918            1.6011
     134        4.3019            2.2854
     135        4.4783            2.4397
