#Res        AtomicFlx
1134.000      21.7265
1135.000      20.2214
1136.000      21.9608
1137.000      22.6094
1138.000      20.2644
1139.000      20.3987
1140.000      19.1308
1141.000      16.8219
1142.000      16.6705
1143.000      13.7929
1144.000      12.7336
1145.000      10.3551
1146.000       8.6734
1147.000       7.4051
1148.000       6.3644
1149.000       6.1410
1150.000       6.0030
1151.000       5.4450
1152.000       5.9712
1153.000       5.3228
1154.000       5.5425
1155.000       6.2585
1156.000       6.4134
1157.000       6.1531
1158.000       5.7090
1159.000       4.8953
1160.000       5.8605
1161.000       6.8901
1162.000       7.4067
1163.000       8.5467
1164.000      10.5397
1165.000      11.0711
1166.000       9.4572
1167.000       8.1932
1168.000       6.8581
1169.000       6.4022
1170.000       6.1332
1171.000       5.7161
1172.000       5.3543
1173.000       4.9691
1174.000       4.7701
1175.000       4.9561
1176.000       4.1385
1177.000       3.9443
1178.000       4.2582
1179.000       3.9856
1180.000       3.6259
1181.000       3.8418
1182.000       4.1663
1183.000       3.6407
1184.000       3.3024
1185.000       4.0159
1186.000       4.1669
1187.000       3.2159
1188.000       3.0946
1189.000       3.6735
1190.000       3.1670
1191.000       2.9214
1192.000       3.3923
1193.000       2.6836
1194.000       2.6241
1195.000       2.4309
1196.000       3.0751
1197.000       2.8811
1198.000       3.0242
1199.000       2.6669
1200.000       2.1328
1201.000       2.7951
1202.000       2.9656
1203.000       2.1359
1204.000       2.0675
1205.000       2.8317
1206.000       2.5974
1207.000       1.9299
1208.000       2.1699
1209.000       2.8193
1210.000       2.6325
1211.000       2.1893
1212.000       2.7827
1213.000       3.1305
1214.000       3.5822
1215.000       2.7649
1216.000       3.2666
1217.000       2.4835
1218.000       2.5403
1219.000       2.7426
1220.000       2.2896
1221.000       1.9520
1222.000       2.1257
1223.000       2.4161
1224.000       1.6973
1225.000       1.6060
1226.000       2.0432
1227.000       2.0152
1228.000       1.4415
1229.000       1.5290
1230.000       2.0494
1231.000       1.7256
1232.000       1.4828
1233.000       1.7523
1234.000       2.1115
1235.000       2.0101
1236.000       1.8765
1237.000       2.2653
1238.000       2.7919
1239.000       2.4022
1240.000       2.3531
1241.000       2.8412
1242.000       3.0025
1243.000       2.7626
1244.000       3.0353
1245.000       3.3665
1246.000       3.4245
1247.000       3.3892
1248.000       3.9225
1249.000       3.1721
1250.000       3.3139
1251.000       3.0139
1252.000       2.5981
1253.000       2.5804
1254.000       2.1288
1255.000       2.4940
1256.000       2.4521
1257.000       2.0163
1258.000       2.2829
1259.000       2.4054
1260.000       2.1796
1261.000       2.0793
1262.000       2.6822
1263.000       2.5410
1264.000       2.1302
1265.000       2.1940
1266.000       2.6823
1267.000       4.8170
1268.000       4.1795
