#Res        AtomicFlx
1134.000       5.4307
1135.000       4.3144
1136.000       4.2854
1137.000       4.3961
1138.000       4.8471
1139.000       5.7640
1140.000       6.4215
1141.000       5.6616
1142.000       6.7393
1143.000       6.1596
1144.000       5.4324
1145.000       5.4643
1146.000       5.7445
1147.000       5.1184
1148.000       4.2554
1149.000       3.9334
1150.000       3.9728
1151.000       3.5649
1152.000       3.7612
1153.000       3.3545
1154.000       2.7943
1155.000       2.7353
1156.000       2.9449
1157.000       2.9257
1158.000       3.0446
1159.000       2.9423
1160.000       3.4704
1161.000       3.9102
1162.000       4.0035
1163.000       4.8612
1164.000       5.0722
1165.000       5.6962
1166.000       5.0857
1167.000       4.4496
1168.000       3.7077
1169.000       3.6078
1170.000       3.1938
1171.000       2.7833
1172.000       2.5529
1173.000       2.9040
1174.000       2.4396
1175.000       2.8266
1176.000       2.2916
1177.000       2.1215
1178.000       2.1673
1179.000       2.0192
1180.000       1.9054
1181.000       1.9527
1182.000       2.3785
1183.000       2.0975
1184.000       1.6536
1185.000       2.4328
1186.000       2.2874
1187.000       1.5928
1188.000       1.4926
1189.000       1.7506
1190.000       1.4836
1191.000       1.3837
1192.000       1.9351
1193.000       1.4249
1194.000       1.4316
1195.000       1.4584
1196.000       1.9795
1197.000       1.7012
1198.000       1.6700
1199.000       1.6386
1200.000       1.4107
1201.000       1.8770
1202.000       1.7656
1203.000       1.5990
1204.000       1.4736
1205.000       1.8707
1206.000       1.9414
1207.000       1.6563
1208.000       1.6682
1209.000       2.0126
1210.000       2.2975
1211.000       2.1288
1212.000       1.8277
1213.000       1.9318
1214.000       2.3502
1215.000       1.6913
1216.000       1.7679
1217.000       1.6092
1218.000       1.5538
1219.000       1.5960
1220.000       1.3574
1221.000       1.2253
1222.000       1.3204
1223.000       1.5632
1224.000       1.1148
1225.000       1.2487
1226.000       1.2643
1227.000       1.2645
1228.000       1.1243
1229.000       1.2507
1230.000       1.3031
1231.000       1.1961
1232.000       1.3878
1233.000       1.4425
1234.000       1.3747
1235.000       1.3484
1236.000       1.5255
1237.000       1.7062
1238.000       1.8453
1239.000       1.5308
1240.000       1.7197
1241.000       1.7852
1242.000       1.8629
1243.000       1.8544
1244.000       2.0282
1245.000       2.0375
1246.000       2.0727
1247.000       2.2756
1248.000       2.6069
1249.000       2.2461
1250.000       2.1686
1251.000       2.1669
1252.000       1.9734
1253.000       2.1800
1254.000       2.0603
1255.000       2.2038
1256.000       1.9523
1257.000       1.8599
1258.000       2.3488
1259.000       1.9219
1260.000       1.8067
1261.000       2.1014
1262.000       2.6430
1263.000       2.0094
1264.000       1.8412
1265.000       2.1678
1266.000       2.6653
1267.000       4.5877
1268.000       4.3288
