#Res        AtomicFlx
1134.000       6.2815
1135.000       5.6864
1136.000       6.7137
1137.000       7.5426
1138.000       6.8460
1139.000       7.6245
1140.000       7.8109
1141.000       7.2857
1142.000       8.5653
1143.000       7.6751
1144.000       7.7323
1145.000       7.4680
1146.000       7.1040
1147.000       7.3751
1148.000       6.7499
1149.000       6.8259
1150.000       7.2569
1151.000       8.0037
1152.000       7.3298
1153.000       6.5516
1154.000       7.7115
1155.000       8.5451
1156.000       8.4694
1157.000       7.5566
1158.000       7.6860
1159.000       8.4838
1160.000       8.1836
1161.000       8.2703
1162.000       8.0357
1163.000       8.6255
1164.000       9.2739
1165.000       9.3061
1166.000       8.6654
1167.000       8.1668
1168.000       7.9484
1169.000       7.3857
1170.000       7.0647
1171.000       6.5016
1172.000       5.9140
1173.000       5.9253
1174.000       5.2378
1175.000       5.6555
1176.000       5.2866
1177.000       4.8184
1178.000       4.8396
1179.000       4.6786
1180.000       4.4229
1181.000       4.2940
1182.000       5.0122
1183.000       4.5680
1184.000       3.8111
1185.000       4.2899
1186.000       4.1888
1187.000       3.7744
1188.000       3.3406
1189.000       3.4334
1190.000       3.3929
1191.000       3.1745
1192.000       4.0840
1193.000       3.5232
1194.000       3.7236
1195.000       3.8262
1196.000       4.4720
1197.000       4.0187
1198.000       4.4718
1199.000       4.3898
1200.000       3.7473
1201.000       4.0908
1202.000       4.4925
1203.000       4.0381
1204.000       3.7244
1205.000       3.9772
1206.000       4.3552
1207.000       3.8680
1208.000       3.7827
1209.000       4.3240
1210.000       4.2773
1211.000       4.1702
1212.000       3.7649
1213.000       4.2667
1214.000       4.6224
1215.000       3.8529
1216.000       3.7989
1217.000       3.6875
1218.000       3.4925
1219.000       3.6494
1220.000       3.2336
1221.000       3.1725
1222.000       3.4086
1223.000       3.3923
1224.000       2.8970
1225.000       3.1136
1226.000       3.3401
1227.000       2.9561
1228.000       2.8134
1229.000       3.1540
1230.000       3.3260
1231.000       2.8444
1232.000       3.0597
1233.000       3.3603
1234.000       3.1632
1235.000       2.9946
1236.000       3.3481
1237.000       3.6959
1238.000       3.2379
1239.000       3.2636
1240.000       3.7663
1241.000       3.8544
1242.000       3.7223
1243.000       3.9345
1244.000       4.2992
1245.000       4.2130
1246.000       4.2132
1247.000       4.7025
1248.000       5.0205
1249.000       4.7488
1250.000       4.5956
1251.000       4.7485
1252.000       4.3770
1253.000       4.7564
1254.000       4.5456
1255.000       4.6350
1256.000       4.2138
1257.000       3.9692
1258.000       4.5034
1259.000       3.9356
1260.000       3.5237
1261.000       3.8337
1262.000       4.1463
1263.000       3.3581
1264.000       3.0093
1265.000       3.1764
1266.000       3.6391
1267.000       4.2928
1268.000       4.7701
