#Res        AtomicFlx
 999.000      11.4632
1000.000      10.9184
1001.000      10.5266
1002.000      10.0266
1003.000      11.1697
1004.000      11.0973
1005.000      11.9281
1006.000      13.6677
1007.000      13.3178
1008.000      12.5807
1009.000      12.2482
1010.000      11.4695
1011.000      10.9945
1012.000      11.0078
1013.000       9.2674
1014.000       9.5022
1015.000      10.7758
1016.000      11.7927
1017.000      11.8547
1018.000      13.1037
1019.000      14.0885
1020.000      14.3488
1021.000      15.0400
1022.000      12.9218
1023.000      11.1919
1024.000      10.2664
1025.000       9.6639
1026.000       8.6678
1027.000       7.8962
1028.000       7.8514
1029.000       7.1905
1030.000       8.1037
1031.000       8.0495
1032.000       7.7980
1033.000       8.0683
1034.000       7.4026
1035.000       6.8603
1036.000       6.5870
1037.000       6.1825
1038.000       6.1277
1039.000       5.5598
1040.000       5.5038
1041.000       5.1393
1042.000       4.7477
1043.000       4.8818
1044.000       5.1029
1045.000       4.7207
1046.000       4.4733
1047.000       5.0882
1048.000       5.0296
1049.000       4.3348
1050.000       4.5431
1051.000       5.1610
1052.000       4.8235
1053.000       4.0917
1054.000       4.6775
1055.000       4.7632
1056.000       4.7371
1057.000       5.3567
1058.000       5.0897
1059.000       5.0260
1060.000       5.1889
1061.000       5.7511
1062.000       5.7400
1063.000       6.0543
1064.000       5.8202
1065.000       5.2215
1066.000       5.8341
1067.000       6.0980
1068.000       5.3758
1069.000       5.2146
1070.000       5.8870
1071.000       5.7461
1072.000       5.0564
1073.000       5.1151
1074.000       5.6566
1075.000       5.3556
1076.000       4.8137
1077.000       5.2808
1078.000       5.7840
1079.000       6.2567
1080.000       5.4796
1081.000       5.9013
1082.000       5.4155
1083.000       5.4001
1084.000       5.6043
1085.000       5.1122
1086.000       4.8719
1087.000       5.1069
1088.000       5.2286
1089.000       4.4549
1090.000       4.5249
1091.000       4.8481
1092.000       4.4348
1093.000       3.9646
1094.000       4.2018
1095.000       4.4546
1096.000       3.8127
1097.000       3.6619
1098.000       4.0006
1099.000       3.8203
1100.000       3.4208
1101.000       3.5471
1102.000       3.9371
1103.000       3.3955
1104.000       3.1117
1105.000       3.5132
1106.000       3.5043
1107.000       3.0620
1108.000       3.1918
1109.000       3.5027
1110.000       3.2917
1111.000       2.9695
1112.000       3.4822
1113.000       3.7303
1114.000       3.8478
1115.000       4.0540
1116.000       4.2727
1117.000       4.1621
1118.000       4.2842
1119.000       4.2588
1120.000       4.0474
1121.000       3.6634
1122.000       3.8120
1123.000       4.0391
1124.000       3.2032
1125.000       3.1746
1126.000       3.6381
1127.000       3.4898
1128.000       2.7225
1129.000       3.1052
1130.000       3.4294
1131.000       4.5357
1132.000       6.4274
1133.000       6.8930
