#Res        AtomicFlx
 999.000      13.8971
1000.000      13.5239
1001.000      11.2948
1002.000       9.9544
1003.000       9.3891
1004.000       8.5534
1005.000       8.9367
1006.000       8.9888
1007.000       8.9618
1008.000       8.8307
1009.000       8.9154
1010.000       8.6920
1011.000       8.3465
1012.000       7.8208
1013.000       7.8729
1014.000       8.4392
1015.000       8.5174
1016.000       8.6104
1017.000       9.1464
1018.000       7.6040
1019.000       7.5470
1020.000       8.3097
1021.000       8.4014
1022.000       7.9957
1023.000       8.1478
1024.000       9.0382
1025.000       8.5705
1026.000       7.7968
1027.000       7.7498
1028.000       8.3542
1029.000       8.3731
1030.000       7.8894
1031.000       8.1760
1032.000       8.0201
1033.000       8.1665
1034.000       8.7920
1035.000       8.1488
1036.000       7.6905
1037.000       7.1775
1038.000       6.8918
1039.000       6.5065
1040.000       6.8347
1041.000       6.2582
1042.000       5.8559
1043.000       6.0528
1044.000       5.6983
1045.000       5.3458
1046.000       5.4632
1047.000       5.7738
1048.000       5.1797
1049.000       4.8214
1050.000       5.5363
1051.000       5.3146
1052.000       4.4925
1053.000       4.4447
1054.000       4.7079
1055.000       4.2895
1056.000       3.7447
1057.000       4.3142
1058.000       3.5212
1059.000       3.8129
1060.000       3.5114
1061.000       4.0802
1062.000       3.3999
1063.000       3.4392
1064.000       3.4469
1065.000       2.8726
1066.000       3.0094
1067.000       3.4347
1068.000       2.8119
1069.000       2.4120
1070.000       2.7818
1071.000       3.3309
1072.000       2.4251
1073.000       2.2547
1074.000       2.7408
1075.000       2.8253
1076.000       2.5286
1077.000       2.4274
1078.000       2.6654
1079.000       3.0859
1080.000       2.3323
1081.000       2.5048
1082.000       2.2270
1083.000       2.1654
1084.000       2.6911
1085.000       2.3151
1086.000       2.0388
1087.000       2.3817
1088.000       2.8581
1089.000       2.1862
1090.000       2.1994
1091.000       2.8289
1092.000       2.7351
1093.000       2.3587
1094.000       2.6031
1095.000       3.1791
1096.000       2.8419
1097.000       2.6475
1098.000       3.1265
1099.000       3.3881
1100.000       3.1881
1101.000       3.2148
1102.000       3.7488
1103.000       3.9052
1104.000       3.5601
1105.000       3.8452
1106.000       4.3989
1107.000       4.2281
1108.000       4.0798
1109.000       4.5999
1110.000       4.8246
1111.000       4.5466
1112.000       4.8572
1113.000       5.4310
1114.000       4.9423
1115.000       5.2189
1116.000       5.0075
1117.000       4.4657
1118.000       4.5273
1119.000       3.9731
1120.000       4.1479
1121.000       4.0262
1122.000       3.5057
1123.000       3.6168
1124.000       3.4775
1125.000       3.1987
1126.000       3.0119
1127.000       3.4984
1128.000       3.0423
1129.000       2.8442
1130.000       2.6826
1131.000       2.7189
1132.000       4.4695
1133.000       4.5710
