#Res        AtomicFlx
1134.000       0.0000
1135.000       0.0000
1136.000       0.0000
1137.000       0.0000
1138.000       0.0000
1139.000       0.0000
1140.000       0.0000
1141.000       0.0000
1142.000       0.0000
1143.000       0.0000
1144.000       0.0000
1145.000       0.0000
1146.000       0.0000
1147.000       0.0000
1148.000       0.0000
1149.000       0.0000
1150.000       0.0000
1151.000       0.0000
1152.000       0.0000
1153.000       0.0000
1154.000       0.0000
1155.000       0.0000
1156.000       0.0000
1157.000       0.0000
1158.000       0.0000
1159.000       0.0000
1160.000       0.0000
1161.000       0.0000
1162.000       0.0000
1163.000       0.0000
1164.000       0.0000
1165.000       0.0000
1166.000       0.0000
1167.000       0.0000
1168.000       0.0000
1169.000       0.0000
1170.000       0.0000
1171.000       0.0000
1172.000       0.0000
1173.000       0.0000
1174.000       0.0000
1175.000       0.0000
1176.000       0.0000
1177.000       0.0000
1178.000       0.0000
1179.000       0.0000
1180.000       0.0000
1181.000       0.0000
1182.000       0.0000
1183.000       0.0000
1184.000       0.0000
1185.000       0.0000
1186.000       0.0000
1187.000       0.0000
1188.000       0.0000
1189.000       0.0000
1190.000       0.0000
1191.000       0.0000
1192.000       0.0000
1193.000       0.0000
1194.000       0.0000
1195.000       0.0000
1196.000       0.0000
1197.000       0.0000
1198.000       0.0000
1199.000       0.0000
1200.000       0.0000
1201.000       0.0000
1202.000       0.0000
1203.000       0.0000
1204.000       0.0000
1205.000       0.0000
1206.000       0.0000
1207.000       0.0000
1208.000       0.0000
1209.000       0.0000
1210.000       0.0000
1211.000       0.0000
1212.000       0.0000
1213.000       0.0000
1214.000       0.0000
1215.000       0.0000
1216.000       0.0000
1217.000       0.0000
1218.000       0.0000
1219.000       0.0000
1220.000       0.0000
1221.000       0.0000
1222.000       0.0000
1223.000       0.0000
1224.000       0.0000
1225.000       0.0000
1226.000       0.0000
1227.000       0.0000
1228.000       0.0000
1229.000       0.0000
1230.000       0.0000
1231.000       0.0000
1232.000       0.0000
1233.000       0.0000
1234.000       0.0000
1235.000       0.0000
1236.000       0.0000
1237.000       0.0000
1238.000       0.0000
1239.000       0.0000
1240.000       0.0000
1241.000       0.0000
1242.000       0.0000
1243.000       0.0000
1244.000       0.0000
1245.000       0.0000
1246.000       0.0000
1247.000       0.0000
1248.000       0.0000
1249.000       0.0000
1250.000       0.0000
1251.000       0.0000
1252.000       0.0000
1253.000       0.0000
1254.000       0.0000
1255.000       0.0000
1256.000       0.0000
1257.000       0.0000
1258.000       0.0000
1259.000       0.0000
1260.000       0.0000
1261.000       0.0000
1262.000       0.0000
1263.000       0.0000
1264.000       0.0000
1265.000       0.0000
1266.000       0.0000
1267.000       0.0000
1268.000       0.0000
