#Frame   AVERAGE_00010 AVERAGE_00010[SD]
       1        8.7385            7.2708
       2        7.9514            6.8505
       3        8.1924            7.4050
       4        8.7557            7.6064
       5        8.3038            6.7478
       6        8.6970            6.6831
       7        8.4208            6.1658
       8        7.5986            5.4231
       9        8.3178            5.3514
      10        7.3851            4.4910
      11        6.8932            4.1778
      12        6.3637            3.5540
      13        6.0154            3.1925
      14        5.7044            3.0688
      15        5.1378            2.8775
      16        5.0911            2.9452
      17        5.1214            2.9484
      18        5.3005            3.3460
      19        5.4809            3.4725
      20        4.8694            3.0690
      21        4.9711            3.2249
      22        5.3837            3.5419
      23        5.6561            3.7640
      24        5.1445            3.2793
      25        5.1154            3.2740
      26        5.1905            3.5397
      27        5.3192            3.2974
      28        5.4998            3.1925
      29        5.4323            3.0803
      30        5.9042            3.2510
      31        6.6426            3.7826
      32        6.9634            3.8891
      33        6.3180            3.4946
      34        5.7963            3.2379
      35        5.1716            2.9719
      36        4.8912            2.7850
      37        4.5429            2.6274
      38        4.1010            2.4039
      39        3.6922            2.1692
      40        3.6522            2.0715
      41        3.3312            1.9166
      42        3.6445            2.0501
      43        3.1827            1.8597
      44        2.9602            1.7206
      45        3.0497            1.7672
      46        2.8813            1.6854
      47        2.7045            1.5812
      48        2.7480            1.5866
      49        3.0500            1.7472
      50        2.7386            1.5806
      51        2.3930            1.3971
      52        2.8765            1.5720
      53        2.8469            1.5821
      54        2.3025            1.3564
      55        2.1674            1.2601
      56        2.3590            1.3529
      57        2.1481            1.2606
      58        1.9829            1.1658
      59        2.5167            1.4370
      60        2.0149            1.2094
      61        2.0742            1.2654
      62        2.0396            1.2680
      63        2.4356            1.4658
      64        2.2239            1.3386
      65        2.3372            1.4812
      66        2.2508            1.4342
      67        1.9205            1.2234
      68        2.2817            1.3445
      69        2.3896            1.4809
      70        2.0523            1.3083
      71        1.9187            1.2108
      72        2.3209            1.3385
      73        2.3254            1.4082
      74        1.9959            1.2561
      75        2.0313            1.2328
      76        2.4219            1.4207
      77        2.5098            1.4266
      78        2.2586            1.3472
      79        2.2973            1.3077
      80        2.4605            1.4358
      81        2.7179            1.5490
      82        2.1781            1.2879
      83        2.3019            1.3338
      84        2.0302            1.2138
      85        1.9877            1.1698
      86        2.0671            1.2275
      87        1.8065            1.0821
      88        1.6804            1.0459
      89        1.7976            1.1203
      90        1.9393            1.1304
      91        1.5392            0.9611
      92        1.6043            1.0178
      93        1.7669            1.1048
      94        1.6798            0.9969
      95        1.4940            0.9454
      96        1.6329            1.0483
      97        1.8163            1.1171
      98        1.6070            0.9731
      99        1.6796            1.0460
     100        1.8233            1.1298
     101        1.8484            1.0948
     102        1.7962            1.0583
     103        1.9097            1.1537
     104        2.1323            1.2596
     105        2.1807            1.1897
     106        2.0407            1.1819
     107        2.2143            1.3124
     108        2.3811            1.3782
     109        2.4231            1.3733
     110        2.4234            1.4071
     111        2.6402            1.5290
     112        2.7067            1.5454
     113        2.7472            1.5649
     114        2.9229            1.6793
     115        3.2483            1.8243
     116        2.8543            1.6595
     117        2.8212            1.6268
     118        2.7741            1.6360
     119        2.5072            1.4995
     120        2.6721            1.6191
     121        2.4609            1.5429
     122        2.6294            1.5837
     123        2.4375            1.4569
     124        2.2100            1.3512
     125        2.5579            1.5264
     126        2.3383            1.3701
     127        2.1158            1.2220
     128        2.2232            1.2918
     129        2.6458            1.4484
     130        2.2188            1.2086
     131        2.0058            1.1099
     132        2.1275            1.1469
     133        2.4310            1.2673
     134        3.7259            1.8757
     135        3.5508            1.7861
