#Res        AtomicFlx
 999.000       4.2425
1000.000       4.2997
1001.000       2.2140
1002.000       2.1853
1003.000       3.2943
1004.000       2.7909
1005.000       3.2628
1006.000       5.1261
1007.000       4.6957
1008.000       4.9004
1009.000       5.9235
1010.000       6.3826
1011.000       6.5486
1012.000       6.8940
1013.000       5.8831
1014.000       6.4043
1015.000       7.6796
1016.000       7.6083
1017.000       9.0684
1018.000       8.8988
1019.000       9.4842
1020.000       9.0279
1021.000       9.6880
1022.000       9.4341
1023.000       9.5189
1024.000       9.8419
1025.000       9.5555
1026.000       9.6259
1027.000       9.4829
1028.000       9.8373
1029.000       9.7370
1030.000       9.1419
1031.000       8.3231
1032.000       7.3959
1033.000       6.0906
1034.000       5.3472
1035.000       4.5543
1036.000       3.2156
1037.000       2.9581
1038.000       1.8114
1039.000       1.4824
1040.000       1.6115
1041.000       1.0947
1042.000       0.9656
1043.000       1.0638
1044.000       0.9466
1045.000       0.8520
1046.000       1.0145
1047.000       1.7639
1048.000       1.3086
1049.000       0.8225
1050.000       1.7590
1051.000       1.7562
1052.000       0.9397
1053.000       0.9309
1054.000       1.3700
1055.000       1.0767
1056.000       0.9815
1057.000       1.5376
1058.000       0.9377
1059.000       0.7890
1060.000       0.7852
1061.000       0.9789
1062.000       1.0794
1063.000       0.9604
1064.000       0.8877
1065.000       0.8368
1066.000       1.4377
1067.000       1.0994
1068.000       0.9045
1069.000       0.8906
1070.000       1.0479
1071.000       1.2693
1072.000       1.0140
1073.000       1.1118
1074.000       1.4576
1075.000       1.6975
1076.000       1.3307
1077.000       1.5123
1078.000       1.6358
1079.000       1.9255
1080.000       1.2874
1081.000       1.4613
1082.000       1.1578
1083.000       1.2315
1084.000       1.4008
1085.000       1.0462
1086.000       0.8778
1087.000       0.9457
1088.000       1.3618
1089.000       0.7759
1090.000       0.8849
1091.000       0.7948
1092.000       0.9586
1093.000       0.6885
1094.000       0.7166
1095.000       0.7203
1096.000       0.6724
1097.000       0.8361
1098.000       0.7209
1099.000       0.7346
1100.000       0.7087
1101.000       0.7196
1102.000       0.9086
1103.000       1.1093
1104.000       0.7439
1105.000       0.6629
1106.000       0.7191
1107.000       0.8513
1108.000       0.6923
1109.000       0.6829
1110.000       0.7432
1111.000       0.7226
1112.000       0.7991
1113.000       1.2788
1114.000       0.7695
1115.000       0.9477
1116.000       0.7704
1117.000       0.6969
1118.000       0.8472
1119.000       0.7630
1120.000       0.9141
1121.000       0.6914
1122.000       0.8201
1123.000       1.3791
1124.000       0.7080
1125.000       0.7393
1126.000       1.2693
1127.000       1.8519
1128.000       0.8298
1129.000       1.0056
1130.000       1.2714
1131.000       2.4003
1132.000       3.9240
1133.000       4.1417
