#Res        AtomicFlx
1134.000       4.5051
1135.000       5.1611
1136.000       4.6732
1137.000       6.2307
1138.000       6.6282
1139.000       5.9208
1140.000       6.3544
1141.000       6.5859
1142.000       6.3393
1143.000       4.3472
1144.000       3.7353
1145.000       2.3824
1146.000       2.0503
1147.000       1.5864
1148.000       1.4950
1149.000       1.5179
1150.000       2.2145
1151.000       1.3793
1152.000       2.0877
1153.000       2.0955
1154.000       2.1946
1155.000       3.3476
1156.000       4.0215
1157.000       4.3935
1158.000       5.4164
1159.000       6.6391
1160.000       8.8673
1161.000       9.3828
1162.000       8.3448
1163.000       7.9902
1164.000       7.9762
1165.000       7.2408
1166.000       6.1689
1167.000       5.2753
1168.000       3.5314
1169.000       2.3303
1170.000       1.8263
1171.000       1.2646
1172.000       1.0334
1173.000       0.9603
1174.000       0.8465
1175.000       1.4153
1176.000       0.7737
1177.000       0.6951
1178.000       0.7423
1179.000       0.7013
1180.000       0.6270
1181.000       0.8243
1182.000       1.1702
1183.000       1.0370
1184.000       0.5871
1185.000       1.2989
1186.000       1.5693
1187.000       0.7282
1188.000       0.6765
1189.000       1.0998
1190.000       0.8402
1191.000       0.8531
1192.000       1.6208
1193.000       0.7747
1194.000       0.6858
1195.000       0.6957
1196.000       0.8127
1197.000       1.1457
1198.000       0.8809
1199.000       0.7836
1200.000       0.6650
1201.000       0.9639
1202.000       0.9120
1203.000       0.7504
1204.000       0.6931
1205.000       0.8622
1206.000       1.0693
1207.000       0.8072
1208.000       0.7984
1209.000       0.9464
1210.000       1.3595
1211.000       0.9632
1212.000       1.1810
1213.000       1.1194
1214.000       1.1709
1215.000       0.8590
1216.000       0.8061
1217.000       0.8756
1218.000       0.8901
1219.000       0.9472
1220.000       0.7561
1221.000       0.6231
1222.000       0.6518
1223.000       1.0537
1224.000       0.5893
1225.000       0.7051
1226.000       0.6088
1227.000       0.7758
1228.000       0.5654
1229.000       0.5827
1230.000       0.7650
1231.000       0.5796
1232.000       0.6767
1233.000       0.6124
1234.000       0.6366
1235.000       0.5886
1236.000       0.6650
1237.000       0.8129
1238.000       1.0360
1239.000       0.6512
1240.000       0.5750
1241.000       0.6355
1242.000       0.7796
1243.000       0.6276
1244.000       0.6181
1245.000       0.6925
1246.000       0.7087
1247.000       0.7645
1248.000       1.2377
1249.000       0.7121
1250.000       0.8076
1251.000       0.6510
1252.000       0.5839
1253.000       0.7773
1254.000       0.6888
1255.000       0.9882
1256.000       0.8228
1257.000       0.8281
1258.000       1.2546
1259.000       0.7330
1260.000       0.6933
1261.000       1.2379
1262.000       1.5769
1263.000       0.8636
1264.000       0.8900
1265.000       1.0735
1266.000       1.6014
1267.000       3.5724
1268.000       3.7040
