#Res        AtomicFlx
1134.000       6.5490
1135.000       6.3379
1136.000       5.0982
1137.000       4.2348
1138.000       5.6716
1139.000       5.7999
1140.000       5.6649
1141.000       6.0070
1142.000       4.6165
1143.000       5.0026
1144.000       5.1716
1145.000       5.8566
1146.000       6.3972
1147.000       7.1135
1148.000       6.3303
1149.000       6.2801
1150.000       7.3483
1151.000       7.4926
1152.000       7.7691
1153.000       8.5251
1154.000       8.3049
1155.000       8.9445
1156.000      10.1445
1157.000       9.4272
1158.000      10.0545
1159.000      10.4390
1160.000      10.1118
1161.000       9.1763
1162.000       7.2319
1163.000       6.5023
1164.000       6.5515
1165.000       5.6671
1166.000       5.0629
1167.000       4.2336
1168.000       3.3543
1169.000       2.9650
1170.000       1.9708
1171.000       1.4980
1172.000       1.1818
1173.000       1.2852
1174.000       0.9810
1175.000       1.3565
1176.000       0.8348
1177.000       0.7597
1178.000       0.8096
1179.000       0.7558
1180.000       0.6793
1181.000       0.8306
1182.000       0.9737
1183.000       1.0432
1184.000       0.6245
1185.000       1.5325
1186.000       1.3729
1187.000       0.7302
1188.000       0.7051
1189.000       1.1216
1190.000       0.8093
1191.000       0.7274
1192.000       1.5210
1193.000       0.7903
1194.000       0.6448
1195.000       0.6466
1196.000       1.2311
1197.000       0.9360
1198.000       0.7886
1199.000       0.7498
1200.000       0.6502
1201.000       1.1913
1202.000       1.0634
1203.000       0.7278
1204.000       0.7044
1205.000       1.1104
1206.000       1.0257
1207.000       0.8315
1208.000       0.8760
1209.000       1.4322
1210.000       1.6822
1211.000       1.5926
1212.000       1.3645
1213.000       1.4484
1214.000       1.8484
1215.000       1.0393
1216.000       0.8893
1217.000       0.9530
1218.000       0.9209
1219.000       0.9796
1220.000       0.8085
1221.000       0.6193
1222.000       0.6425
1223.000       1.1232
1224.000       0.5582
1225.000       0.6358
1226.000       0.5762
1227.000       0.7834
1228.000       0.5363
1229.000       0.5772
1230.000       0.7478
1231.000       0.5640
1232.000       0.7135
1233.000       0.6110
1234.000       0.6059
1235.000       0.5738
1236.000       0.6524
1237.000       0.8187
1238.000       0.9869
1239.000       0.6664
1240.000       0.5744
1241.000       0.6359
1242.000       0.8390
1243.000       0.6644
1244.000       0.6336
1245.000       0.7015
1246.000       0.7143
1247.000       0.7700
1248.000       1.2890
1249.000       0.7040
1250.000       0.8091
1251.000       0.6509
1252.000       0.5792
1253.000       0.7849
1254.000       0.6788
1255.000       1.0837
1256.000       0.7705
1257.000       0.8196
1258.000       1.4198
1259.000       0.7642
1260.000       0.7350
1261.000       1.3728
1262.000       1.5389
1263.000       0.8581
1264.000       0.9527
1265.000       1.2962
1266.000       2.4055
1267.000       4.5362
1268.000       5.3370
