#Res        AtomicFlx
 999.000      12.2001
1000.000      11.2186
1001.000      12.3789
1002.000      13.1923
1003.000      11.8347
1004.000      12.0505
1005.000       9.7338
1006.000       9.1523
1007.000       7.1260
1008.000       7.5391
1009.000       7.9232
1010.000       7.0790
1011.000       6.7304
1012.000       6.2974
1013.000       4.7308
1014.000       5.0617
1015.000       5.8707
1016.000       7.6677
1017.000       8.7383
1018.000       6.3557
1019.000       7.7776
1020.000       7.0257
1021.000       6.5853
1022.000       4.6004
1023.000       4.1979
1024.000       4.8040
1025.000       5.7643
1026.000       4.5416
1027.000       5.7932
1028.000       7.2348
1029.000       7.9560
1030.000       7.7542
1031.000       7.3799
1032.000       7.1008
1033.000       6.1433
1034.000       4.7064
1035.000       4.6152
1036.000       3.1697
1037.000       2.9995
1038.000       1.7238
1039.000       1.5145
1040.000       1.5588
1041.000       0.9861
1042.000       0.9452
1043.000       0.9868
1044.000       0.9266
1045.000       0.8308
1046.000       0.9899
1047.000       1.6498
1048.000       1.2906
1049.000       0.7669
1050.000       1.5407
1051.000       1.7679
1052.000       0.8471
1053.000       0.7677
1054.000       1.2294
1055.000       0.9150
1056.000       0.9065
1057.000       1.6414
1058.000       0.8765
1059.000       0.7475
1060.000       0.7632
1061.000       0.8898
1062.000       1.0263
1063.000       0.9108
1064.000       0.8757
1065.000       0.7735
1066.000       1.2880
1067.000       1.2778
1068.000       0.8365
1069.000       0.7732
1070.000       0.9039
1071.000       1.2667
1072.000       0.8654
1073.000       0.8737
1074.000       1.3100
1075.000       1.5490
1076.000       1.1607
1077.000       1.2053
1078.000       1.3318
1079.000       2.1738
1080.000       1.0404
1081.000       1.0219
1082.000       0.9506
1083.000       1.0226
1084.000       1.1282
1085.000       0.9028
1086.000       0.7337
1087.000       0.8080
1088.000       1.2512
1089.000       0.6919
1090.000       0.7437
1091.000       0.7335
1092.000       1.0108
1093.000       0.6429
1094.000       0.6825
1095.000       0.7192
1096.000       0.6790
1097.000       0.8893
1098.000       0.7040
1099.000       0.7581
1100.000       0.7087
1101.000       0.7410
1102.000       0.9000
1103.000       1.1358
1104.000       0.7651
1105.000       0.7030
1106.000       0.7859
1107.000       0.9206
1108.000       0.7728
1109.000       0.7630
1110.000       0.8189
1111.000       0.8370
1112.000       0.8875
1113.000       1.2923
1114.000       0.8334
1115.000       0.9968
1116.000       0.8128
1117.000       0.7357
1118.000       0.9303
1119.000       0.7684
1120.000       1.0944
1121.000       0.8345
1122.000       0.8237
1123.000       1.2749
1124.000       0.7952
1125.000       0.8143
1126.000       1.5409
1127.000       1.6499
1128.000       0.9395
1129.000       1.4915
1130.000       1.4246
1131.000       2.7615
1132.000       4.0198
1133.000       3.9998
