#Res        AtomicFlx
 999.000       8.3480
1000.000       6.7709
1001.000       7.5278
1002.000       7.5749
1003.000       7.2605
1004.000       6.0117
1005.000       5.9585
1006.000       6.7694
1007.000       6.5208
1008.000       5.5055
1009.000       5.5042
1010.000       4.3919
1011.000       3.3693
1012.000       3.9608
1013.000       2.6259
1014.000       2.4285
1015.000       2.6213
1016.000       2.7942
1017.000       2.8313
1018.000       2.7977
1019.000       3.2813
1020.000       3.5410
1021.000       2.9892
1022.000       3.1186
1023.000       3.0734
1024.000       4.1045
1025.000       3.8223
1026.000       4.3342
1027.000       4.8823
1028.000       5.1576
1029.000       4.7047
1030.000       4.7340
1031.000       4.0951
1032.000       3.3527
1033.000       2.9413
1034.000       2.3551
1035.000       2.3171
1036.000       1.8845
1037.000       1.5525
1038.000       1.2834
1039.000       1.0524
1040.000       1.4417
1041.000       0.9749
1042.000       0.9115
1043.000       0.9310
1044.000       0.8798
1045.000       0.8284
1046.000       0.9160
1047.000       1.7306
1048.000       1.1613
1049.000       0.7581
1050.000       1.4999
1051.000       1.7431
1052.000       0.8073
1053.000       0.7722
1054.000       1.2424
1055.000       0.9227
1056.000       0.8608
1057.000       1.5493
1058.000       0.7917
1059.000       0.6502
1060.000       0.6419
1061.000       0.7693
1062.000       0.8961
1063.000       0.8020
1064.000       0.7546
1065.000       0.6776
1066.000       1.1384
1067.000       0.9497
1068.000       0.7979
1069.000       0.7405
1070.000       0.8554
1071.000       1.2988
1072.000       0.8819
1073.000       0.8821
1074.000       1.2203
1075.000       1.5956
1076.000       1.2471
1077.000       1.3092
1078.000       1.2322
1079.000       1.6345
1080.000       0.9374
1081.000       0.9064
1082.000       0.9027
1083.000       0.9628
1084.000       0.9997
1085.000       0.7856
1086.000       0.6223
1087.000       0.6750
1088.000       1.1505
1089.000       0.5776
1090.000       0.7028
1091.000       0.5910
1092.000       0.7750
1093.000       0.5635
1094.000       0.6059
1095.000       0.6059
1096.000       0.6015
1097.000       0.7427
1098.000       0.6942
1099.000       0.7171
1100.000       0.6443
1101.000       0.7652
1102.000       0.8503
1103.000       1.1129
1104.000       0.9786
1105.000       0.7613
1106.000       0.8151
1107.000       0.9856
1108.000       0.8512
1109.000       0.8447
1110.000       0.8874
1111.000       0.9030
1112.000       0.9783
1113.000       1.4083
1114.000       0.9273
1115.000       1.0290
1116.000       0.8754
1117.000       0.7917
1118.000       1.0290
1119.000       0.8689
1120.000       1.2082
1121.000       0.8295
1122.000       0.9239
1123.000       1.3731
1124.000       0.8760
1125.000       0.8266
1126.000       1.2240
1127.000       1.5109
1128.000       0.9173
1129.000       1.2879
1130.000       1.5820
1131.000       1.9160
1132.000       3.9974
1133.000       4.2078
