#Frame   AVERAGE_00010 AVERAGE_00010[SD]
       1        8.5524            3.1736
       2        7.7200            2.8857
       3        7.6711            3.5375
       4        7.9465            3.6134
       5        7.4199            2.9268
       6        6.6912            3.1489
       7        6.1844            2.2334
       8        6.7693            1.4742
       9        6.2921            1.2030
      10        6.1400            1.4198
      11        6.4901            1.4443
      12        6.0519            1.4872
      13        5.6223            1.6713
      14        5.5292            1.4431
      15        4.3436            1.2462
      16        4.6009            1.3723
      17        5.2276            1.6994
      18        6.0481            1.8814
      19        6.7805            2.5617
      20        6.1551            2.2499
      21        6.5814            2.2606
      22        6.2270            2.1398
      23        6.5813            2.6765
      24        5.7356            2.6827
      25        5.7246            2.9031
      26        6.5019            2.7152
      27        6.4229            2.9802
      28        6.2472            3.0659
      29        6.4450            2.6113
      30        6.8505            2.8001
      31        6.5567            2.8289
      32        6.4032            2.4284
      33        5.8453            2.0347
      34        5.1425            1.9060
      35        4.4098            1.5081
      36        3.5628            1.2935
      37        3.2759            1.1285
      38        2.3966            0.7155
      39        2.2460            0.7416
      40        1.4887            0.2921
      41        1.2532            0.2614
      42        1.5228            0.1133
      43        0.9514            0.1036
      44        0.8833            0.0935
      45        0.9444            0.1080
      46        0.8777            0.0759
      47        0.7886            0.0711
      48        0.9389            0.0634
      49        1.6603            0.1127
      50        1.2083            0.0837
      51        0.7257            0.0769
      52        1.5593            0.1121
      53        1.6558            0.1271
      54        0.8091            0.0814
      55        0.7689            0.0891
      56        1.2211            0.0879
      57        0.9035            0.1015
      58        0.8537            0.0858
      59        1.5500            0.0590
      60        0.8346            0.0662
      61        0.6865            0.0688
      62        0.6887            0.0707
      63        0.8332            0.0878
      64        0.9808            0.0653
      65        0.8704            0.0572
      66        0.8035            0.0642
      67        0.7271            0.0669
      68        1.2789            0.0969
      69        1.1119            0.1042
      70        0.8196            0.0481
      71        0.7870            0.0534
      72        1.0645            0.1729
      73        1.3008            0.0359
      74        0.9171            0.0518
      75        1.0005            0.1393
      76        1.4405            0.2244
      77        1.6699            0.1317
      78        1.3803            0.2795
      79        1.8075            0.9382
      80        1.5152            0.2936
      81        1.8878            0.2129
      82        1.0729            0.1158
      83        1.1052            0.1899
      84        0.9845            0.0900
      85        1.0513            0.0957
      86        1.1250            0.1445
      87        0.8766            0.0931
      88        0.7129            0.0903
      89        0.7701            0.0986
      90        1.2179            0.0815
      91        0.6526            0.0729
      92        0.7198            0.0963
      93        0.6691            0.0805
      94        0.8810            0.0907
      95        0.6049            0.0518
      96        0.6444            0.0492
      97        0.6419            0.0643
      98        0.6169            0.0499
      99        0.8245            0.0702
     100        0.6589            0.0588
     101        0.6869            0.0628
     102        0.6504            0.0510
     103        0.7061            0.0464
     104        0.8488            0.0583
     105        1.1127            0.0187
     106        0.7611            0.1175
     107        0.6623            0.0657
     108        0.7263            0.0674
     109        0.8864            0.0585
     110        0.7303            0.0726
     111        0.7177            0.0773
     112        0.7734            0.0718
     113        0.7863            0.0725
     114        0.8501            0.0750
     115        1.3022            0.0553
     116        0.7972            0.0792
     117        0.9396            0.0711
     118        0.7639            0.0788
     119        0.6886            0.0724
     120        0.8875            0.0836
     121        0.7590            0.0631
     122        1.0401            0.1106
     123        0.7301            0.0856
     124        0.8086            0.0722
     125        1.3278            0.0852
     126        0.7757            0.0604
     127        0.7672            0.0548
     128        1.2213            0.2145
     129        1.6484            0.1416
     130        0.9007            0.0533
     131        1.2704            0.2325
     132        1.4120            0.1395
     133        2.2618            0.3092
     134        3.9821            0.1733
     135        4.0894            0.4563
