#Res        AtomicFlx
 999.000      11.9907
1000.000      11.0204
1001.000      10.3765
1002.000       9.8113
1003.000       9.1280
1004.000       7.8633
1005.000       7.3387
1006.000       7.4517
1007.000       7.9370
1008.000       8.1196
1009.000       8.4307
1010.000       8.0861
1011.000       7.5727
1012.000       6.8808
1013.000       5.3050
1014.000       5.3383
1015.000       5.7255
1016.000       7.0976
1017.000       8.6452
1018.000       8.1483
1019.000       7.6797
1020.000       7.6111
1021.000       9.3859
1022.000       8.4238
1023.000       8.9420
1024.000       9.7769
1025.000      10.1869
1026.000      10.1741
1027.000       9.3241
1028.000       9.6071
1029.000       8.4172
1030.000       7.8803
1031.000       6.5285
1032.000       5.1797
1033.000       4.3006
1034.000       3.3865
1035.000       3.0144
1036.000       2.3285
1037.000       2.5294
1038.000       1.5979
1039.000       1.3716
1040.000       1.6553
1041.000       0.9248
1042.000       0.8908
1043.000       0.9947
1044.000       0.9029
1045.000       0.7762
1046.000       0.9415
1047.000       1.4475
1048.000       1.1987
1049.000       0.6783
1050.000       1.5745
1051.000       1.5588
1052.000       0.7442
1053.000       0.6880
1054.000       1.1301
1055.000       0.7923
1056.000       0.7590
1057.000       1.5649
1058.000       0.7482
1059.000       0.6286
1060.000       0.6369
1061.000       0.7489
1062.000       0.9336
1063.000       0.8381
1064.000       0.7568
1065.000       0.6693
1066.000       1.2377
1067.000       1.1051
1068.000       0.7653
1069.000       0.7760
1070.000       1.2067
1071.000       1.3029
1072.000       0.9182
1073.000       1.2184
1074.000       1.8626
1075.000       1.9147
1076.000       1.9288
1077.000       3.6736
1078.000       2.0366
1079.000       2.0485
1080.000       1.0663
1081.000       1.0213
1082.000       0.9335
1083.000       0.9829
1084.000       1.0290
1085.000       0.8164
1086.000       0.6508
1087.000       0.6988
1088.000       1.1429
1089.000       0.5951
1090.000       0.5923
1091.000       0.6099
1092.000       0.8609
1093.000       0.5697
1094.000       0.6347
1095.000       0.5743
1096.000       0.5606
1097.000       0.7449
1098.000       0.5883
1099.000       0.5984
1100.000       0.5919
1101.000       0.6591
1102.000       0.8398
1103.000       1.1251
1104.000       0.6756
1105.000       0.6037
1106.000       0.6807
1107.000       0.8415
1108.000       0.6853
1109.000       0.6723
1110.000       0.7356
1111.000       0.7520
1112.000       0.8164
1113.000       1.2848
1114.000       0.7649
1115.000       0.8936
1116.000       0.7142
1117.000       0.6286
1118.000       0.7916
1119.000       0.7064
1120.000       0.9233
1121.000       0.6657
1122.000       0.7721
1123.000       1.4240
1124.000       0.7805
1125.000       0.7798
1126.000       1.2052
1127.000       1.7520
1128.000       0.9688
1129.000       1.5578
1130.000       1.5454
1131.000       2.2685
1132.000       4.2541
1133.000       4.7606
