#Frame   AVERAGE_00010 AVERAGE_00010[SD]
       1        5.3121            1.8911
       2        4.7285            1.6378
       3        4.3845            1.2933
       4        4.8857            1.5746
       5        5.5159            1.5201
       6        5.5569            1.4277
       7        5.8919            1.1913
       8        7.0354            1.8632
       9        6.5111            1.3134
      10        6.1164            1.4803
      11        5.8866            1.9536
      12        5.9006            2.5880
      13        6.1866            2.8216
      14        6.7176            2.9605
      15        6.2666            2.8139
      16        6.6416            3.0153
      17        7.1644            3.1966
      18        7.2855            3.7879
      19        7.4251            3.3341
      20        7.0384            3.0952
      21        6.4776            2.7551
      22        6.5846            2.1705
      23        6.6480            2.0433
      24        6.1215            1.7894
      25        6.3681            2.0406
      26        6.9201            1.9608
      27        7.4857            2.0746
      28        7.2870            1.8296
      29        6.7499            1.1737
      30        6.7171            1.1077
      31        7.1669            0.7579
      32        6.7459            0.9601
      33        5.8008            1.0200
      34        4.7614            0.9417
      35        3.7553            0.8299
      36        2.9012            0.7086
      37        2.2157            0.4125
      38        1.7384            0.3648
      39        1.4841            0.3669
      40        1.3017            0.3252
      41        1.0489            0.2146
      42        1.3993            0.1809
      43        0.8968            0.1067
      44        0.8254            0.1030
      45        0.8803            0.1206
      46        0.8040            0.0981
      47        0.7289            0.0888
      48        0.8977            0.0644
      49        1.3085            0.2565
      50        1.1001            0.1260
      51        0.6770            0.0822
      52        1.5314            0.1510
      53        1.5168            0.0751
      54        0.7668            0.0661
      55        0.7367            0.0467
      56        1.1503            0.0403
      57        0.8553            0.0387
      58        0.8026            0.0594
      59        1.5665            0.0583
      60        0.8078            0.0299
      61        0.6688            0.0592
      62        0.6731            0.0565
      63        1.0169            0.1361
      64        1.0360            0.0705
      65        0.8260            0.0521
      66        0.7701            0.0459
      67        0.6767            0.0507
      68        1.1629            0.1035
      69        1.0207            0.1053
      70        0.7507            0.0437
      71        0.7315            0.0457
      72        1.1835            0.2155
      73        1.1046            0.1455
      74        0.8459            0.0339
      75        0.9009            0.0651
      76        1.3560            0.2518
      77        1.5905            0.1281
      78        1.4214            0.2563
      79        1.4002            0.1508
      80        1.3559            0.1454
      81        1.5819            0.3014
      82        0.9956            0.1057
      83        0.9481            0.1371
      84        0.9299            0.0607
      85        0.9640            0.0499
      86        1.0340            0.0682
      87        0.7987            0.0256
      88        0.6375            0.0357
      89        0.6905            0.0541
      90        1.1273            0.0388
      91        0.5997            0.0391
      92        0.6791            0.0385
      93        0.6248            0.0525
      94        0.8440            0.0552
      95        0.5824            0.0461
      96        0.6185            0.0456
      97        0.7563            0.0273
      98        0.6045            0.0479
      99        0.7740            0.0797
     100        0.6482            0.0521
     101        0.6735            0.0583
     102        0.6473            0.0633
     103        0.6991            0.0505
     104        0.8527            0.0385
     105        1.0725            0.0582
     106        0.7608            0.1017
     107        0.6606            0.0820
     108        0.7214            0.0819
     109        0.8827            0.0748
     110        0.7280            0.0777
     111        0.7139            0.0820
     112        0.7780            0.0739
     113        0.7901            0.0778
     114        0.8456            0.0763
     115        1.3321            0.0671
     116        0.7891            0.0826
     117        0.8695            0.0546
     118        0.7414            0.0976
     119        0.6788            0.0985
     120        0.8567            0.0825
     121        0.7567            0.0708
     122        1.0472            0.0434
     123        0.8051            0.0313
     124        0.8385            0.0402
     125        1.3762            0.1167
     126        0.7884            0.0347
     127        0.7894            0.0671
     128        1.3154            0.1237
     129        1.6423            0.0757
     130        0.9057            0.0568
     131        1.0926            0.2315
     132        1.3222            0.2129
     133        2.2284            0.3812
     134        4.0570            0.6641
     135        4.6482            0.6341
