#Res        AtomicFlx
 999.000       5.9809
1000.000       5.2904
1001.000       5.8581
1002.000       6.9686
1003.000       5.5822
1004.000       4.7396
1005.000       4.6280
1006.000       5.3472
1007.000       5.1810
1008.000       4.6353
1009.000       4.6687
1010.000       4.3197
1011.000       3.8903
1012.000       3.6128
1013.000       3.1730
1014.000       3.7716
1015.000       4.2409
1016.000       5.0726
1017.000       4.6193
1018.000       4.5749
1019.000       4.6844
1020.000       3.9292
1021.000       4.2582
1022.000       3.1011
1023.000       2.8907
1024.000       3.9821
1025.000       2.7854
1026.000       2.5601
1027.000       2.7424
1028.000       2.4155
1029.000       1.9686
1030.000       2.5055
1031.000       2.8999
1032.000       2.6834
1033.000       2.5731
1034.000       2.0186
1035.000       1.8787
1036.000       1.3846
1037.000       1.1906
1038.000       1.0270
1039.000       0.8451
1040.000       1.3469
1041.000       0.7763
1042.000       0.7036
1043.000       0.7455
1044.000       0.7328
1045.000       0.6555
1046.000       0.8327
1047.000       1.7096
1048.000       1.0822
1049.000       0.6025
1050.000       1.4222
1051.000       1.4532
1052.000       0.7070
1053.000       0.6859
1054.000       1.1334
1055.000       0.8106
1056.000       0.7606
1057.000       1.4570
1058.000       0.8188
1059.000       0.6173
1060.000       0.6161
1061.000       0.7791
1062.000       0.9688
1063.000       0.8406
1064.000       0.7426
1065.000       0.6782
1066.000       1.2926
1067.000       1.1275
1068.000       0.7940
1069.000       0.7549
1070.000       1.3085
1071.000       1.3663
1072.000       0.9058
1073.000       0.9164
1074.000       1.3519
1075.000       1.5928
1076.000       1.2340
1077.000       1.3373
1078.000       1.3394
1079.000       1.6568
1080.000       1.0329
1081.000       1.1150
1082.000       0.9779
1083.000       1.0568
1084.000       1.0671
1085.000       0.8321
1086.000       0.6801
1087.000       0.7231
1088.000       1.1829
1089.000       0.6227
1090.000       0.6754
1091.000       0.6161
1092.000       0.7997
1093.000       0.5601
1094.000       0.5822
1095.000       0.5898
1096.000       0.5712
1097.000       0.9097
1098.000       0.5871
1099.000       0.6264
1100.000       0.5982
1101.000       0.6454
1102.000       0.7454
1103.000       1.0802
1104.000       0.6422
1105.000       0.5805
1106.000       0.6308
1107.000       0.8331
1108.000       0.6498
1109.000       0.6258
1110.000       0.6819
1111.000       0.7168
1112.000       0.7692
1113.000       1.2466
1114.000       0.6908
1115.000       0.8307
1116.000       0.6468
1117.000       0.5903
1118.000       0.8395
1119.000       0.6884
1120.000       1.0605
1121.000       0.6292
1122.000       0.7034
1123.000       1.1880
1124.000       0.7190
1125.000       0.6760
1126.000       0.8673
1127.000       1.4774
1128.000       0.8481
1129.000       1.0091
1130.000       1.2368
1131.000       1.9625
1132.000       3.7153
1133.000       3.3373
