#Res        AtomicFlx
1134.000       1.9825
1135.000       1.6280
1136.000       2.3124
1137.000       3.4778
1138.000       3.2064
1139.000       3.9482
1140.000       4.3546
1141.000       6.4309
1142.000       7.0549
1143.000       7.3854
1144.000       8.3056
1145.000       9.0148
1146.000       9.5585
1147.000       9.8387
1148.000       9.0328
1149.000       9.5533
1150.000       9.3221
1151.000      11.2418
1152.000      11.4020
1153.000      10.4444
1154.000       9.6704
1155.000       8.6651
1156.000       7.3435
1157.000       5.6205
1158.000       4.2629
1159.000       5.4454
1160.000       4.1183
1161.000       5.0618
1162.000       5.2968
1163.000       5.1557
1164.000       6.4329
1165.000       6.0846
1166.000       4.5619
1167.000       3.3211
1168.000       2.7299
1169.000       2.0615
1170.000       1.8907
1171.000       1.6306
1172.000       1.5164
1173.000       1.1621
1174.000       0.9655
1175.000       1.0804
1176.000       0.8808
1177.000       0.8233
1178.000       0.8682
1179.000       0.7849
1180.000       0.7119
1181.000       0.9245
1182.000       1.7386
1183.000       1.0935
1184.000       0.6592
1185.000       1.6446
1186.000       1.5669
1187.000       0.7228
1188.000       0.7454
1189.000       1.1536
1190.000       0.8376
1191.000       0.7470
1192.000       1.4751
1193.000       0.7869
1194.000       0.6053
1195.000       0.6151
1196.000       0.9675
1197.000       1.0275
1198.000       0.7797
1199.000       0.7443
1200.000       0.6476
1201.000       1.1760
1202.000       1.1365
1203.000       0.7188
1204.000       0.7211
1205.000       1.1930
1206.000       1.0108
1207.000       0.8323
1208.000       0.9992
1209.000       1.7333
1210.000       1.7321
1211.000       1.6692
1212.000       1.6040
1213.000       1.5547
1214.000       1.7604
1215.000       1.0461
1216.000       1.0551
1217.000       0.9384
1218.000       1.0095
1219.000       1.0645
1220.000       0.8293
1221.000       0.6407
1222.000       0.6912
1223.000       1.1524
1224.000       0.6017
1225.000       0.6753
1226.000       0.5895
1227.000       0.8564
1228.000       0.5669
1229.000       0.6133
1230.000       0.7406
1231.000       0.5804
1232.000       0.7577
1233.000       0.6307
1234.000       0.6853
1235.000       0.6775
1236.000       0.7056
1237.000       0.8602
1238.000       1.0667
1239.000       0.7628
1240.000       0.7150
1241.000       0.7565
1242.000       0.9206
1243.000       0.7767
1244.000       0.7680
1245.000       0.8277
1246.000       0.8436
1247.000       0.8886
1248.000       1.3603
1249.000       0.8342
1250.000       0.8772
1251.000       0.7774
1252.000       0.7315
1253.000       0.9176
1254.000       0.8151
1255.000       1.1045
1256.000       0.7705
1257.000       0.8609
1258.000       1.5101
1259.000       0.8213
1260.000       0.8468
1261.000       1.4402
1262.000       1.7511
1263.000       0.9466
1264.000       1.1353
1265.000       1.5445
1266.000       2.7728
1267.000       3.0137
1268.000       4.1416
