#Res        AtomicFlx
1134.000       6.3092
1135.000       5.7379
1136.000       3.7140
1137.000       3.2519
1138.000       4.5505
1139.000       4.1990
1140.000       5.1976
1141.000       5.4725
1142.000       5.9398
1143.000       5.5682
1144.000       4.1114
1145.000       3.7466
1146.000       4.1044
1147.000       5.7508
1148.000       5.3294
1149.000       6.0197
1150.000       5.4275
1151.000       5.0230
1152.000       5.6265
1153.000       4.8663
1154.000       4.4057
1155.000       4.8748
1156.000       5.7180
1157.000       4.7879
1158.000       5.1329
1159.000       4.8069
1160.000       6.4009
1161.000       5.3403
1162.000       5.4878
1163.000       5.9930
1164.000       6.6774
1165.000       6.3714
1166.000       5.6848
1167.000       4.8722
1168.000       3.9407
1169.000       3.0417
1170.000       2.5037
1171.000       2.0199
1172.000       1.6014
1173.000       1.1839
1174.000       0.9859
1175.000       1.5685
1176.000       0.9037
1177.000       0.8467
1178.000       0.8808
1179.000       0.7880
1180.000       0.7353
1181.000       0.9115
1182.000       1.2530
1183.000       0.9843
1184.000       0.6870
1185.000       1.4488
1186.000       1.5633
1187.000       0.7556
1188.000       0.7415
1189.000       1.1576
1190.000       0.8656
1191.000       0.8030
1192.000       1.5971
1193.000       0.8502
1194.000       0.6326
1195.000       0.6353
1196.000       1.0671
1197.000       0.9985
1198.000       0.7828
1199.000       0.7204
1200.000       0.6437
1201.000       1.2242
1202.000       0.8793
1203.000       0.7212
1204.000       0.7180
1205.000       1.5332
1206.000       1.0242
1207.000       0.8506
1208.000       0.9145
1209.000       1.3304
1210.000       1.5775
1211.000       1.5575
1212.000       1.5296
1213.000       1.3193
1214.000       1.2633
1215.000       0.8905
1216.000       0.8299
1217.000       0.8556
1218.000       0.9835
1219.000       1.0360
1220.000       0.7851
1221.000       0.6001
1222.000       0.6738
1223.000       1.1472
1224.000       0.5769
1225.000       0.6417
1226.000       0.6250
1227.000       0.8994
1228.000       0.5722
1229.000       0.6148
1230.000       0.8042
1231.000       0.6012
1232.000       0.9009
1233.000       0.6365
1234.000       0.6622
1235.000       0.6481
1236.000       0.6789
1237.000       0.8510
1238.000       1.1391
1239.000       0.7896
1240.000       0.6520
1241.000       0.7247
1242.000       0.8736
1243.000       0.7265
1244.000       0.7131
1245.000       0.7825
1246.000       0.7725
1247.000       0.8372
1248.000       1.3368
1249.000       0.7699
1250.000       0.9066
1251.000       0.7149
1252.000       0.6582
1253.000       0.8157
1254.000       0.7403
1255.000       1.0107
1256.000       0.8518
1257.000       0.7824
1258.000       1.4747
1259.000       0.8212
1260.000       0.8726
1261.000       1.4151
1262.000       1.6669
1263.000       0.9980
1264.000       1.5260
1265.000       1.5865
1266.000       2.1552
1267.000       4.8077
1268.000       5.2497
