#Res        AtomicFlx
1134.000       7.2148
1135.000       4.7778
1136.000       6.1245
1137.000       7.2335
1138.000       7.5226
1139.000       7.9166
1140.000       7.8881
1141.000      10.6809
1142.000       8.6048
1143.000       8.2785
1144.000       8.1093
1145.000       8.5027
1146.000       8.8225
1147.000       9.2985
1148.000       9.1454
1149.000       9.8371
1150.000      11.5098
1151.000      11.2909
1152.000      10.2400
1153.000       9.2608
1154.000       7.8124
1155.000       7.0910
1156.000       6.0127
1157.000       6.3786
1158.000       6.9737
1159.000       7.2703
1160.000       7.9300
1161.000       7.4737
1162.000       7.3882
1163.000       7.9442
1164.000       8.1964
1165.000       8.3654
1166.000       7.5253
1167.000       6.1046
1168.000       5.2204
1169.000       4.1077
1170.000       2.8869
1171.000       2.2790
1172.000       2.0873
1173.000       1.9171
1174.000       1.4658
1175.000       1.5759
1176.000       1.0908
1177.000       1.0024
1178.000       1.1005
1179.000       0.9900
1180.000       0.8909
1181.000       0.9975
1182.000       1.4072
1183.000       1.3424
1184.000       0.8272
1185.000       1.7323
1186.000       1.5114
1187.000       0.8970
1188.000       0.8152
1189.000       1.2187
1190.000       0.9240
1191.000       0.8823
1192.000       1.6185
1193.000       0.8369
1194.000       0.7753
1195.000       0.7729
1196.000       1.0063
1197.000       1.0725
1198.000       0.8978
1199.000       0.8526
1200.000       0.7772
1201.000       1.2590
1202.000       1.1124
1203.000       0.8351
1204.000       0.8207
1205.000       1.2185
1206.000       1.3928
1207.000       0.9079
1208.000       0.9163
1209.000       1.3378
1210.000       1.6012
1211.000       1.3246
1212.000       1.3218
1213.000       1.3376
1214.000       1.8665
1215.000       1.1430
1216.000       1.1602
1217.000       1.0267
1218.000       1.0160
1219.000       1.1428
1220.000       0.8144
1221.000       0.7041
1222.000       0.7933
1223.000       1.1600
1224.000       0.6723
1225.000       0.7377
1226.000       0.7243
1227.000       0.9048
1228.000       0.6710
1229.000       0.7044
1230.000       0.7240
1231.000       0.6973
1232.000       0.8212
1233.000       0.7506
1234.000       0.7773
1235.000       0.7486
1236.000       0.7938
1237.000       0.9205
1238.000       1.1340
1239.000       0.9340
1240.000       0.7864
1241.000       0.8542
1242.000       1.0007
1243.000       0.8450
1244.000       0.8367
1245.000       0.8858
1246.000       0.9113
1247.000       0.9677
1248.000       1.4367
1249.000       0.9254
1250.000       0.9470
1251.000       0.9126
1252.000       0.8413
1253.000       0.9879
1254.000       0.8603
1255.000       1.0491
1256.000       0.8100
1257.000       0.9016
1258.000       1.2220
1259.000       0.8023
1260.000       0.7994
1261.000       1.1111
1262.000       1.6776
1263.000       0.8623
1264.000       0.9592
1265.000       1.1103
1266.000       2.2073
1267.000       4.3551
1268.000       4.8087
