#Res        AtomicFlx
   1.000       5.5748
   2.000       4.1047
   3.000       2.7041
   4.000       1.2996
   5.000       1.1598
   6.000       0.7333
   7.000       1.1563
   8.000       0.8273
   9.000       1.3675
  10.000       1.0279
  11.000       1.0853
  12.000       1.0888
  13.000       1.1921
  14.000       1.7581
  15.000       1.0413
  16.000       0.9567
  17.000       0.7308
  18.000       0.6095
  19.000       0.6150
  20.000       0.6392
  21.000       0.7230
  22.000       1.6675
  23.000       1.5236
  24.000       0.8970
  25.000       1.4359
  26.000       1.1218
  27.000       0.7101
  28.000       0.6545
  29.000       0.5883
  30.000       0.6834
  31.000       1.8551
  32.000       0.7705
  33.000       1.0134
  34.000       1.0215
  35.000       0.9312
  36.000       1.0666
  37.000       1.4645
  38.000       1.2218
  39.000       1.6220
  40.000       0.7962
  41.000       1.6561
  42.000       1.3808
  43.000       1.0871
  44.000       1.6604
  45.000       2.0267
  46.000       0.8814
  47.000       0.8907
  48.000       0.6947
  49.000       0.9481
  50.000       1.6909
  51.000       0.7457
  52.000       1.4502
  53.000       1.2682
  54.000       1.1972
  55.000       1.6725
  56.000       2.0555
  57.000       2.0082
  58.000       2.3817
  59.000       2.1845
