#Res        AtomicFlx
   1.000       5.3290
   2.000       3.9851
   3.000       2.7492
   4.000       1.2959
   5.000       1.2680
   6.000       0.7922
   7.000       1.2257
   8.000       0.8566
   9.000       1.3521
  10.000       0.9600
  11.000       1.0109
  12.000       1.2040
  13.000       1.2722
  14.000       1.7806
  15.000       1.2089
  16.000       1.0204
  17.000       0.8741
  18.000       0.6426
  19.000       0.7619
  20.000       0.6601
  21.000       0.7650
  22.000       1.7856
  23.000       1.6046
  24.000       1.0513
  25.000       1.7498
  26.000       1.1837
  27.000       0.7817
  28.000       0.7258
  29.000       0.6373
  30.000       0.7941
  31.000       1.9266
  32.000       0.8890
  33.000       1.1758
  34.000       1.2088
  35.000       1.0406
  36.000       1.1618
  37.000       1.5102
  38.000       1.1568
  39.000       1.6117
  40.000       0.8216
  41.000       1.6464
  42.000       1.3945
  43.000       1.1413
  44.000       1.6468
  45.000       1.9762
  46.000       0.9185
  47.000       0.8177
  48.000       0.7552
  49.000       1.0149
  50.000       1.7225
  51.000       0.7819
  52.000       1.4472
  53.000       1.2986
  54.000       1.2316
  55.000       1.5989
  56.000       1.9093
  57.000       1.8476
  58.000       2.2410
  59.000       2.1092
