#Frame   AVERAGE_00010 AVERAGE_00010[SD]
       1        5.4222            1.2135
       2        3.8156            0.9593
       3        2.8190            0.6402
       4        1.6930            0.8713
       5        1.6169            0.8782
       6        0.8221            0.1346
       7        1.2915            0.2062
       8        0.8989            0.1052
       9        1.5496            0.4059
      10        1.1184            0.2785
      11        1.1690            0.3154
      12        1.1919            0.2392
      13        1.2401            0.0916
      14        1.7796            0.1194
      15        1.1668            0.1446
      16        1.0021            0.0706
      17        0.8546            0.0914
      18        0.6133            0.0284
      19        0.7194            0.0698
      20        0.6594            0.0440
      21        0.7541            0.0489
      22        1.7203            0.0595
      23        1.5844            0.0394
      24        0.9804            0.1128
      25        1.5885            0.1850
      26        1.1165            0.0736
      27        0.7530            0.0777
      28        0.7047            0.0762
      29        0.6136            0.0338
      30        0.7244            0.0467
      31        1.8830            0.0566
      32        0.8213            0.0602
      33        1.0901            0.0747
      34        1.0968            0.0780
      35        0.9907            0.0674
      36        1.1334            0.0771
      37        1.4883            0.0563
      38        1.2072            0.0584
      39        1.6235            0.0704
      40        0.8122            0.0381
      41        1.7059            0.0523
      42        1.4074            0.0291
      43        1.1166            0.0313
      44        1.6326            0.0493
      45        2.0718            0.1864
      46        0.9508            0.0976
      47        0.8717            0.0701
      48        0.7388            0.0541
      49        0.9908            0.0810
      50        1.7189            0.0712
      51        0.7658            0.0386
      52        1.4382            0.0342
      53        1.2889            0.0673
      54        1.2108            0.0614
      55        1.6166            0.0423
      56        1.9238            0.0807
      57        1.8811            0.0709
      58        2.3228            0.1199
      59        2.2228            0.0811
