#Res        AtomicFlx
   1.000       7.3284
   2.000       4.9158
   3.000       3.9479
   4.000       3.4309
   5.000       3.3696
   6.000       1.0788
   7.000       1.6950
   8.000       1.0865
   9.000       2.3580
  10.000       1.6691
  11.000       1.7835
  12.000       1.6346
  13.000       1.3968
  14.000       1.9573
  15.000       1.4227
  16.000       1.1264
  17.000       0.9610
  18.000       0.6422
  19.000       0.7926
  20.000       0.7283
  21.000       0.8148
  22.000       1.7721
  23.000       1.5613
  24.000       1.1612
  25.000       1.8705
  26.000       1.1212
  27.000       0.8793
  28.000       0.8342
  29.000       0.6381
  30.000       0.7583
  31.000       1.9641
  32.000       0.8591
  33.000       1.1448
  34.000       1.1659
  35.000       1.0887
  36.000       1.2688
  37.000       1.5877
  38.000       1.2986
  39.000       1.7340
  40.000       0.8786
  41.000       1.6938
  42.000       1.4271
  43.000       1.1515
  44.000       1.6821
  45.000       2.0171
  46.000       0.9973
  47.000       0.8450
  48.000       0.8261
  49.000       1.1199
  50.000       1.8452
  51.000       0.8100
  52.000       1.4441
  53.000       1.3648
  54.000       1.3134
  55.000       1.6240
  56.000       1.8790
  57.000       1.8810
  58.000       2.3109
  59.000       2.3397
