#Res        AtomicFlx
   1.000       5.3789
   2.000       4.0521
   3.000       2.7412
   4.000       1.3030
   5.000       1.1984
   6.000       0.8096
   7.000       1.2487
   8.000       0.9346
   9.000       1.3903
  10.000       1.0209
  11.000       1.0779
  12.000       1.1097
  13.000       1.2150
  14.000       1.8167
  15.000       1.1382
  16.000       0.9879
  17.000       0.9393
  18.000       0.6063
  19.000       0.7694
  20.000       0.6753
  21.000       0.7903
  22.000       1.7424
  23.000       1.6395
  24.000       0.9450
  25.000       1.4459
  26.000       1.1769
  27.000       0.7481
  28.000       0.7010
  29.000       0.6447
  30.000       0.7182
  31.000       1.8666
  32.000       0.8574
  33.000       1.1277
  34.000       1.0737
  35.000       0.9862
  36.000       1.1111
  37.000       1.4307
  38.000       1.2263
  39.000       1.6368
  40.000       0.8008
  41.000       1.7587
  42.000       1.4546
  43.000       1.1313
  44.000       1.6343
  45.000       2.4346
  46.000       1.1165
  47.000       0.9992
  48.000       0.7480
  49.000       0.9973
  50.000       1.7093
  51.000       0.7907
  52.000       1.4758
  53.000       1.3409
  54.000       1.1849
  55.000       1.6408
  56.000       1.9599
  57.000       1.8760
  58.000       2.1656
  59.000       2.1943
