#Res        AtomicFlx
   1.000       3.4998
   2.000       2.0205
   3.000       1.9525
   4.000       1.1355
   5.000       1.0889
   6.000       0.6968
   7.000       1.1320
   8.000       0.7895
   9.000       1.2802
  10.000       0.9139
  11.000       0.8873
  12.000       0.9224
  13.000       1.1243
  14.000       1.5851
  15.000       1.0227
  16.000       0.9190
  17.000       0.7678
  18.000       0.5657
  19.000       0.6579
  20.000       0.5941
  21.000       0.6773
  22.000       1.6339
  23.000       1.5929
  24.000       0.8475
  25.000       1.4405
  26.000       0.9790
  27.000       0.6457
  28.000       0.6082
  29.000       0.5595
  30.000       0.6680
  31.000       1.8025
  32.000       0.7307
  33.000       0.9888
  34.000       1.0139
  35.000       0.9066
  36.000       1.0585
  37.000       1.4483
  38.000       1.1326
  39.000       1.5129
  40.000       0.7636
  41.000       1.7745
  42.000       1.3800
  43.000       1.0720
  44.000       1.5393
  45.000       1.9045
  46.000       0.8405
  47.000       0.8060
  48.000       0.6701
  49.000       0.8737
  50.000       1.6265
  51.000       0.7008
  52.000       1.3737
  53.000       1.1721
  54.000       1.1269
  55.000       1.5467
  56.000       1.8155
  57.000       1.7927
  58.000       2.5147
  59.000       2.2863
