#Frame   AVERAGE_00010 AVERAGE_00010[SD]
       1        6.0257            0.4666
       2        3.9542            0.2834
       3        3.7761            0.5876
       4        2.2142            0.7256
       5        1.5820            0.1146
       6        0.9862            0.1739
       7        1.4748            0.2484
       8        1.1560            0.2697
       9        1.6800            0.1862
      10        1.2712            0.1438
      11        1.2417            0.1157
      12        1.3036            0.1118
      13        1.4072            0.2115
      14        2.1354            0.1747
      15        1.7113            0.2760
      16        1.3388            0.2357
      17        0.9129            0.2149
      18        0.7453            0.0764
      19        0.7881            0.0850
      20        0.7699            0.0950
      21        0.9562            0.2516
      22        1.8970            0.3184
      23        1.8523            0.4138
      24        1.3009            0.2741
      25        1.9780            0.1030
      26        1.3044            0.1718
      27        0.9130            0.0496
      28        0.9053            0.1737
      29        0.8073            0.2176
      30        0.9348            0.3266
      31        2.1565            0.4043
      32        1.1079            0.3922
      33        1.2497            0.3452
      34        1.3095            0.4458
      35        1.2003            0.2973
      36        1.4621            0.3456
      37        1.5494            0.2683
      38        1.4443            0.2918
      39        1.8837            0.2335
      40        0.9594            0.1278
      41        1.7361            0.1048
      42        1.5245            0.1301
      43        1.2489            0.1335
      44        1.8904            0.1450
      45        2.2867            0.2425
      46        1.1061            0.2433
      47        1.0784            0.3594
      48        1.0396            0.3204
      49        1.3413            0.3289
      50        1.9926            0.2716
      51        1.1612            0.4599
      52        1.8669            0.6664
      53        1.7442            0.4863
      54        2.0833            1.1835
      55        2.7911            1.9029
      56        3.7645            2.5375
      57        3.7454            2.3277
      58        4.5413            3.0605
      59        4.1899            2.9158
