#Res        AtomicFlx
   1.000       4.8596
   2.000       3.6974
   3.000       2.8827
   4.000       1.5594
   5.000       1.7446
   6.000       0.9491
   7.000       1.3992
   8.000       1.1224
   9.000       1.6470
  10.000       1.5361
  11.000       1.6716
  12.000       1.5321
  13.000       1.3646
  14.000       1.7668
  15.000       1.4933
  16.000       1.1690
  17.000       0.7489
  18.000       0.6907
  19.000       0.7616
  20.000       0.6903
  21.000       0.7533
  22.000       1.4843
  23.000       1.3969
  24.000       0.9751
  25.000       1.7486
  26.000       1.1844
  27.000       0.8068
  28.000       0.9698
  29.000       0.7139
  30.000       0.7263
  31.000       2.0073
  32.000       0.9678
  33.000       1.0830
  34.000       1.0392
  35.000       1.0014
  36.000       1.2638
  37.000       1.4001
  38.000       1.3240
  39.000       1.7698
  40.000       0.8986
  41.000       1.7619
  42.000       1.4355
  43.000       1.1395
  44.000       1.7171
  45.000       2.0491
  46.000       0.9900
  47.000       0.8737
  48.000       0.8669
  49.000       1.1480
  50.000       1.7548
  51.000       0.8372
  52.000       1.4557
  53.000       1.3802
  54.000       1.3408
  55.000       1.6957
  56.000       1.9610
  57.000       1.9994
  58.000       2.5584
  59.000       3.3006
