#Res        AtomicFlx
   1.000       8.3197
   2.000       5.7836
   3.000       5.3178
   4.000       3.6292
   5.000       2.3172
   6.000       1.0078
   7.000       1.4446
   8.000       1.2079
   9.000       2.6974
  10.000       1.9657
  11.000       2.0879
  12.000       1.9549
  13.000       1.6906
  14.000       2.2947
  15.000       1.7166
  16.000       1.2407
  17.000       0.8778
  18.000       0.9079
  19.000       0.7756
  20.000       0.9079
  21.000       1.2182
  22.000       2.0833
  23.000       2.1391
  24.000       1.6570
  25.000       2.0187
  26.000       1.5477
  27.000       1.0982
  28.000       0.9603
  29.000       0.7634
  30.000       0.7503
  31.000       1.9043
  32.000       0.9264
  33.000       1.0589
  34.000       1.1368
  35.000       1.0428
  36.000       1.2913
  37.000       1.5608
  38.000       1.4036
  39.000       1.8519
  40.000       0.9452
  41.000       1.7428
  42.000       1.5749
  43.000       1.1749
  44.000       1.7662
  45.000       2.0444
  46.000       1.0916
  47.000       1.2174
  48.000       1.2350
  49.000       1.4813
  50.000       2.1227
  51.000       1.5049
  52.000       1.8912
  53.000       2.0780
  54.000       2.3305
  55.000       3.7413
  56.000       4.5310
  57.000       6.1236
  58.000       8.4428
  59.000      10.4882
