#Frame   AVERAGE_00008 AVERAGE_00008[SD]
       1        6.5307            1.2290
       2        4.4793            0.7826
       3        3.8399            0.9009
       4        2.2969            0.8006
       5        1.8313            0.3045
       6        1.0257            0.1316
       7        1.4969            0.1545
       8        1.2347            0.1697
       9        2.0265            0.4375
      10        1.5999            0.2558
      11        1.6566            0.2896
      12        1.6226            0.2165
      13        1.5463            0.1796
      14        2.2515            0.3432
      15        1.7967            0.3135
      16        1.3357            0.1995
      17        1.0989            0.4163
      18        0.7963            0.0931
      19        0.8138            0.0828
      20        0.8807            0.1526
      21        1.1149            0.2327
      22        1.8183            0.2663
      23        1.9429            0.4064
      24        1.3934            0.2745
      25        2.0305            0.2036
      26        1.3883            0.1814
      27        0.9859            0.1453
      28        0.9990            0.0732
      29        0.7681            0.0720
      30        0.7730            0.0577
      31        2.0241            0.1326
      32        0.9977            0.1180
      33        1.1091            0.1015
      34        1.1069            0.0882
      35        1.0541            0.0537
      36        1.3144            0.0515
      37        1.5232            0.1430
      38        1.4298            0.1181
      39        1.8494            0.1324
      40        0.9552            0.0659
      41        1.8188            0.0940
      42        1.5514            0.1080
      43        1.3394            0.2274
      44        2.0968            0.3840
      45        2.3808            0.3342
      46        1.2216            0.1869
      47        1.1778            0.2341
      48        1.1667            0.2114
      49        1.4156            0.1861
      50        2.0419            0.2016
      51        1.2687            0.3401
      52        1.7795            0.2661
      53        1.8179            0.3084
      54        1.9735            0.5067
      55        3.0713            1.1823
      56        3.9677            1.7341
      57        4.6578            2.2867
      58        6.1715            2.7630
      59        7.1937            3.1635
