#Res        AtomicFlx
   1.000       6.6159
   2.000       4.2394
   3.000       3.5071
   4.000       1.8149
   5.000       1.4774
   6.000       0.9018
   7.000       1.3821
   8.000       1.0895
   9.000       1.6270
  10.000       1.2511
  11.000       1.2759
  12.000       1.3610
  13.000       1.3720
  14.000       2.2106
  15.000       1.6559
  16.000       1.2567
  17.000       0.9609
  18.000       0.7190
  19.000       0.7611
  20.000       0.8160
  21.000       1.0996
  22.000       1.6296
  23.000       1.7553
  24.000       1.3208
  25.000       2.0304
  26.000       1.2321
  27.000       0.8823
  28.000       0.9414
  29.000       0.7080
  30.000       0.7437
  31.000       1.9402
  32.000       0.8990
  33.000       1.0149
  34.000       1.0142
  35.000       1.0286
  36.000       1.3020
  37.000       1.3904
  38.000       1.3631
  39.000       1.7136
  40.000       0.9116
  41.000       1.7917
  42.000       1.4784
  43.000       1.3300
  44.000       2.2466
  45.000       2.7266
  46.000       1.3586
  47.000       1.0977
  48.000       1.1130
  49.000       1.3712
  50.000       1.9833
  51.000       1.0488
  52.000       1.6179
  53.000       1.6772
  54.000       1.6310
  55.000       2.1991
  56.000       2.8668
  57.000       2.9102
  58.000       4.4525
  59.000       4.8621
