#Res        AtomicFlx
   1.000       6.3275
   2.000       4.1967
   3.000       3.6520
   4.000       2.1840
   5.000       1.7858
   6.000       1.2441
   7.000       1.7615
   8.000       1.5190
   9.000       2.1348
  10.000       1.6468
  11.000       1.5910
  12.000       1.6424
  13.000       1.7579
  14.000       2.7339
  15.000       2.3210
  16.000       1.6765
  17.000       1.8079
  18.000       0.8677
  19.000       0.9569
  20.000       1.1087
  21.000       1.3885
  22.000       2.0759
  23.000       2.4802
  24.000       1.6208
  25.000       2.3241
  26.000       1.5889
  27.000       1.1563
  28.000       1.1246
  29.000       0.8870
  30.000       0.8717
  31.000       2.2446
  32.000       1.1977
  33.000       1.2797
  34.000       1.2374
  35.000       1.1435
  36.000       1.4003
  37.000       1.7413
  38.000       1.6285
  39.000       2.0623
  40.000       1.0656
  41.000       1.9789
  42.000       1.7167
  43.000       1.7133
  44.000       2.6571
  45.000       2.7032
  46.000       1.4463
  47.000       1.5224
  48.000       1.4520
  49.000       1.6619
  50.000       2.3067
  51.000       1.6839
  52.000       2.1533
  53.000       2.1362
  54.000       2.5916
  55.000       4.6491
  56.000       6.5119
  57.000       7.5982
  58.000       9.2323
  59.000      10.1238
