#Res        AtomicFlx
   1.000       4.8603
   2.000       3.2381
   3.000       2.3587
   4.000       1.2397
   5.000       1.2652
   6.000       0.7673
   7.000       1.1798
   8.000       0.8678
   9.000       1.3383
  10.000       0.8739
  11.000       0.9616
  12.000       1.0975
  13.000       1.2705
  14.000       1.8610
  15.000       1.2125
  16.000       1.0432
  17.000       0.7538
  18.000       0.6594
  19.000       0.6245
  20.000       0.6219
  21.000       0.6819
  22.000       1.5270
  23.000       1.5895
  24.000       0.8561
  25.000       1.3682
  26.000       1.0016
  27.000       0.7477
  28.000       0.6481
  29.000       0.6209
  30.000       0.7078
  31.000       1.8778
  32.000       0.8251
  33.000       1.0756
  34.000       1.0852
  35.000       0.9152
  36.000       1.0734
  37.000       1.4053
  38.000       1.1331
  39.000       1.5482
  40.000       0.7632
  41.000       1.5961
  42.000       1.3163
  43.000       1.0853
  44.000       1.5520
  45.000       1.8710
  46.000       0.8367
  47.000       0.8149
  48.000       0.7329
  49.000       0.9824
  50.000       1.6907
  51.000       0.7740
  52.000       1.4463
  53.000       1.2920
  54.000       1.2471
  55.000       1.6645
  56.000       2.0032
  57.000       2.0323
  58.000       3.2297
  59.000       3.8971
