#Res        AtomicFlx
   1.000       5.4519
   2.000       4.0118
   3.000       2.7233
   4.000       1.2849
   5.000       1.2241
   6.000       0.7079
   7.000       1.1216
   8.000       0.7994
   9.000       1.2993
  10.000       0.9376
  11.000       0.9587
  12.000       1.0737
  13.000       1.2807
  14.000       1.8066
  15.000       1.1850
  16.000       1.0174
  17.000       0.7925
  18.000       0.6288
  19.000       0.7033
  20.000       0.6080
  21.000       0.6798
  22.000       1.5922
  23.000       1.4447
  24.000       0.8428
  25.000       1.3742
  26.000       0.9845
  27.000       0.7228
  28.000       0.6407
  29.000       0.5816
  30.000       0.6972
  31.000       1.8543
  32.000       0.7767
  33.000       1.0541
  34.000       1.0607
  35.000       0.9544
  36.000       1.1042
  37.000       1.4541
  38.000       1.1853
  39.000       1.5479
  40.000       0.7680
  41.000       1.6230
  42.000       1.3369
  43.000       1.0317
  44.000       1.5825
  45.000       1.9986
  46.000       0.8338
  47.000       0.8013
  48.000       0.6963
  49.000       0.9626
  50.000       1.7132
  51.000       0.7179
  52.000       1.4461
  53.000       1.2894
  54.000       1.2119
  55.000       1.5571
  56.000       1.9209
  57.000       1.8398
  58.000       2.4180
  59.000       2.4513
