#Res        AtomicFlx
   1.000       5.3240
   2.000       3.8476
   3.000       2.6359
   4.000       1.1938
   5.000       1.2268
   6.000       0.6969
   7.000       1.1221
   8.000       0.8014
   9.000       1.3049
  10.000       0.9471
  11.000       0.9609
  12.000       1.2147
  13.000       1.2126
  14.000       1.8242
  15.000       1.1442
  16.000       0.9794
  17.000       0.8481
  18.000       0.6279
  19.000       0.6627
  20.000       0.6175
  21.000       0.6669
  22.000       1.4012
  23.000       1.4566
  24.000       0.8429
  25.000       1.3299
  26.000       0.9164
  27.000       0.7331
  28.000       0.6129
  29.000       0.5774
  30.000       0.6677
  31.000       1.8205
  32.000       0.7383
  33.000       0.9842
  34.000       1.0041
  35.000       0.9092
  36.000       1.0706
  37.000       1.4686
  38.000       1.1199
  39.000       1.5720
  40.000       0.8093
  41.000       1.6535
  42.000       1.3390
  43.000       1.0803
  44.000       1.5421
  45.000       1.9000
  46.000       0.7897
  47.000       0.7551
  48.000       0.6872
  49.000       0.9272
  50.000       1.6636
  51.000       0.7269
  52.000       1.4099
  53.000       1.2408
  54.000       1.1503
  55.000       1.5121
  56.000       1.8424
  57.000       1.7701
  58.000       2.7078
  59.000       3.2509
