#Res        AtomicFlx
   1.000       3.9476
   2.000       2.5891
   3.000       2.2202
   4.000       1.1888
   5.000       1.1776
   6.000       0.7655
   7.000       1.1800
   8.000       0.8497
   9.000       1.3477
  10.000       0.9003
  11.000       0.9967
  12.000       1.0423
  13.000       1.1657
  14.000       1.7645
  15.000       1.0806
  16.000       0.9862
  17.000       0.7676
  18.000       0.5981
  19.000       0.7266
  20.000       0.6415
  21.000       0.7448
  22.000       1.7173
  23.000       1.7391
  24.000       0.9640
  25.000       1.4773
  26.000       1.1895
  27.000       0.7246
  28.000       0.7012
  29.000       0.6278
  30.000       0.7754
  31.000       1.8469
  32.000       0.8523
  33.000       1.1135
  34.000       1.1445
  35.000       1.0049
  36.000       1.1081
  37.000       1.4948
  38.000       1.1852
  39.000       1.6512
  40.000       0.7840
  41.000       1.5495
  42.000       1.3255
  43.000       1.0359
  44.000       1.6204
  45.000       1.9037
  46.000       0.8654
  47.000       0.8852
  48.000       0.7553
  49.000       1.0023
  50.000       1.7196
  51.000       0.8247
  52.000       1.4758
  53.000       1.3457
  54.000       1.2825
  55.000       1.7858
  56.000       2.2882
  57.000       2.2829
  58.000       4.0550
  59.000       4.6064
