#Res        AtomicFlx
   1.000       5.0101
   2.000       3.9486
   3.000       2.9135
   4.000       1.9108
   5.000       1.4230
   6.000       0.8656
   7.000       1.2703
   8.000       1.0401
   9.000       1.5319
  10.000       1.1027
  11.000       1.1470
  12.000       1.7026
  13.000       1.4239
  14.000       1.9002
  15.000       1.2861
  16.000       1.0952
  17.000       0.8227
  18.000       0.6712
  19.000       0.7569
  20.000       0.7122
  21.000       0.9264
  22.000       1.8763
  23.000       1.8929
  24.000       1.1200
  25.000       1.5011
  26.000       0.9847
  27.000       0.7503
  28.000       0.7343
  29.000       0.6715
  30.000       0.7462
  31.000       1.9245
  32.000       0.9182
  33.000       1.1690
  34.000       1.1114
  35.000       1.0113
  36.000       1.1309
  37.000       1.4926
  38.000       1.2356
  39.000       1.6488
  40.000       0.8181
  41.000       1.7175
  42.000       1.4245
  43.000       1.1800
  44.000       1.6653
  45.000       2.3247
  46.000       1.1514
  47.000       1.1500
  48.000       1.0171
  49.000       1.3346
  50.000       2.0479
  51.000       1.2224
  52.000       1.8013
  53.000       1.8432
  54.000       2.1689
  55.000       3.4969
  56.000       3.3387
  57.000       3.9310
  58.000       6.0855
  59.000       7.5109
