#Frame   AVERAGE_00010 AVERAGE_00010[SD]
       1        4.9188            0.5298
       2        3.5270            0.5438
       3        2.5703            0.2501
       4        1.3636            0.2758
       5        1.2633            0.0845
       6        0.7606            0.0599
       7        1.1748            0.0544
       8        0.8717            0.0883
       9        1.3644            0.0858
      10        0.9523            0.0796
      11        1.0050            0.0724
      12        1.2262            0.2452
      13        1.2707            0.0871
      14        1.8313            0.0464
      15        1.1817            0.0685
      16        1.0243            0.0422
      17        0.7969            0.0347
      18        0.6371            0.0258
      19        0.6948            0.0467
      20        0.6402            0.0376
      21        0.7400            0.0971
      22        1.6228            0.1627
      23        1.6246            0.1714
      24        0.9252            0.1075
      25        1.4101            0.0667
      26        1.0153            0.0919
      27        0.7357            0.0114
      28        0.6674            0.0440
      29        0.6158            0.0344
      30        0.7189            0.0378
      31        1.8648            0.0350
      32        0.8221            0.0620
      33        1.0793            0.0615
      34        1.0812            0.0475
      35        0.9590            0.0430
      36        1.0974            0.0227
      37        1.4631            0.0326
      38        1.1718            0.0415
      39        1.5936            0.0469
      40        0.7885            0.0219
      41        1.6279            0.0563
      42        1.3484            0.0389
      43        1.0826            0.0534
      44        1.5925            0.0455
      45        1.9996            0.1681
      46        0.8954            0.1303
      47        0.8813            0.1407
      48        0.7778            0.1222
      49        1.0418            0.1485
      50        1.7670            0.1418
      51        0.8532            0.1885
      52        1.5159            0.1442
      53        1.4022            0.2230
      54        1.4121            0.3809
      55        2.0033            0.7528
      56        2.2787            0.5510
      57        2.3712            0.7999
      58        3.6992            1.3165
      59        4.3433            1.7364
