#Res        AtomicFlx
   1.000       5.2145
   2.000       3.8454
   3.000       3.2245
   4.000       2.3927
   5.000       2.2785
   6.000       1.7393
   7.000       2.4107
   8.000       1.7195
   9.000       2.5391
  10.000       1.6095
  11.000       1.7372
  12.000       1.8451
  13.000       1.8289
  14.000       2.8933
  15.000       2.4445
  16.000       2.1819
  17.000       1.9486
  18.000       1.2333
  19.000       1.1550
  20.000       1.0635
  21.000       1.1129
  22.000       1.6303
  23.000       1.6965
  24.000       1.5051
  25.000       2.2332
  26.000       1.6009
  27.000       1.9117
  28.000       1.2320
  29.000       1.1912
  30.000       1.2630
  31.000       2.3475
  32.000       1.4101
  33.000       1.8124
  34.000       1.7728
  35.000       1.8374
  36.000       2.2069
  37.000       2.7311
  38.000       2.3234
  39.000       2.4349
  40.000       1.8025
  41.000       2.6585
  42.000       2.3033
  43.000       1.8295
  44.000       2.4019
  45.000       2.2792
  46.000       1.1965
  47.000       1.1682
  48.000       1.2362
  49.000       1.5806
  50.000       2.2988
  51.000       1.4715
  52.000       2.0149
  53.000       2.1785
  54.000       2.2528
  55.000       2.9204
  56.000       2.8628
  57.000       3.9695
  58.000       5.2019
  59.000       5.7305
