#Res        AtomicFlx
   1.000       5.7443
   2.000       3.9272
   3.000       3.3848
   4.000       2.0930
   5.000       2.4618
   6.000       0.9718
   7.000       1.2576
   8.000       1.1607
   9.000       1.8944
  10.000       1.6973
  11.000       2.1442
  12.000       3.5465
  13.000       2.9352
  14.000       3.1455
  15.000       2.3409
  16.000       1.9492
  17.000       1.6777
  18.000       1.1163
  19.000       0.9855
  20.000       0.8417
  21.000       0.7685
  22.000       1.3386
  23.000       1.5159
  24.000       0.9240
  25.000       1.7431
  26.000       1.0756
  27.000       1.5689
  28.000       0.7929
  29.000       0.7685
  30.000       0.9033
  31.000       1.6755
  32.000       1.0015
  33.000       1.1781
  34.000       1.3207
  35.000       1.2071
  36.000       1.7075
  37.000       2.1777
  38.000       1.7147
  39.000       2.1069
  40.000       1.2908
  41.000       2.1976
  42.000       1.8969
  43.000       1.7000
  44.000       2.1932
  45.000       2.0368
  46.000       1.2334
  47.000       0.9425
  48.000       0.9333
  49.000       1.3191
  50.000       1.9018
  51.000       0.9737
  52.000       1.6711
  53.000       1.7074
  54.000       1.6634
  55.000       1.8992
  56.000       2.2919
  57.000       2.4262
  58.000       2.7676
  59.000       2.6996
