#Res        AtomicFlx
   1.000       6.1894
   2.000       4.7559
   3.000       3.2343
   4.000       2.4945
   5.000       1.9725
   6.000       1.6962
   7.000       2.4115
   8.000       1.8318
   9.000       2.6930
  10.000       1.8724
  11.000       2.1786
  12.000       1.8533
  13.000       2.1046
  14.000       2.8497
  15.000       2.7678
  16.000       2.2698
  17.000       1.9025
  18.000       1.2320
  19.000       1.3310
  20.000       1.4761
  21.000       1.7417
  22.000       2.5963
  23.000       2.5227
  24.000       1.6772
  25.000       2.4148
  26.000       2.3138
  27.000       1.7853
  28.000       1.5335
  29.000       1.2848
  30.000       1.3684
  31.000       2.5270
  32.000       1.6698
  33.000       2.0091
  34.000       2.0234
  35.000       2.0015
  36.000       2.3139
  37.000       3.3129
  38.000       2.7772
  39.000       2.7988
  40.000       2.4736
  41.000       3.4915
  42.000       2.7315
  43.000       2.2400
  44.000       2.9771
  45.000       2.8842
  46.000       2.2706
  47.000       1.6762
  48.000       1.7231
  49.000       1.9718
  50.000       2.7199
  51.000       1.6010
  52.000       2.0738
  53.000       2.4950
  54.000       2.6180
  55.000       2.7805
  56.000       3.1221
  57.000       3.7288
  58.000       3.8844
  59.000       3.9925
