#Res        AtomicFlx
   1.000       4.5558
   2.000       3.2376
   3.000       2.4042
   4.000       1.7462
   5.000       1.6728
   6.000       1.1746
   7.000       1.7824
   8.000       1.2789
   9.000       1.9158
  10.000       1.3246
  11.000       1.4767
  12.000       1.6668
  13.000       1.8537
  14.000       2.6153
  15.000       2.2268
  16.000       1.7611
  17.000       1.6638
  18.000       1.0296
  19.000       1.0267
  20.000       0.8532
  21.000       0.8292
  22.000       1.3329
  23.000       1.6353
  24.000       1.0663
  25.000       1.9656
  26.000       1.2401
  27.000       1.5678
  28.000       0.8908
  29.000       1.2293
  30.000       1.1766
  31.000       2.4329
  32.000       1.3420
  33.000       1.5160
  34.000       1.5592
  35.000       1.5184
  36.000       1.8285
  37.000       2.4143
  38.000       1.9125
  39.000       2.0433
  40.000       1.4041
  41.000       2.3016
  42.000       1.7840
  43.000       1.4336
  44.000       2.0355
  45.000       1.9021
  46.000       0.9590
  47.000       0.8870
  48.000       0.8890
  49.000       1.1718
  50.000       1.8306
  51.000       0.9608
  52.000       1.5749
  53.000       1.5451
  54.000       1.5196
  55.000       1.8269
  56.000       2.1356
  57.000       2.1525
  58.000       2.5515
  59.000       2.4704
