#Res        AtomicFlx
   1.000       4.5461
   2.000       2.8093
   3.000       1.9248
   4.000       1.1546
   5.000       1.1003
   6.000       0.8383
   7.000       1.2522
   8.000       1.0297
   9.000       1.4004
  10.000       1.0694
  11.000       1.1521
  12.000       1.2723
  13.000       1.6989
  14.000       2.5345
  15.000       2.2625
  16.000       1.7275
  17.000       1.6311
  18.000       0.7694
  19.000       0.8941
  20.000       0.7975
  21.000       0.7602
  22.000       1.3232
  23.000       1.4711
  24.000       0.9604
  25.000       1.8566
  26.000       1.1868
  27.000       1.0225
  28.000       1.0682
  29.000       0.8533
  30.000       1.0193
  31.000       2.0813
  32.000       1.1463
  33.000       1.3661
  34.000       1.4531
  35.000       1.4118
  36.000       1.6869
  37.000       2.6450
  38.000       2.1927
  39.000       2.4885
  40.000       1.6980
  41.000       2.5870
  42.000       2.0714
  43.000       1.5723
  44.000       2.2160
  45.000       1.9009
  46.000       0.9423
  47.000       0.8395
  48.000       0.8632
  49.000       1.1594
  50.000       1.8031
  51.000       0.8459
  52.000       1.4974
  53.000       1.4208
  54.000       1.2916
  55.000       1.6175
  56.000       1.9142
  57.000       1.8998
  58.000       2.3219
  59.000       2.1689
