#Res        AtomicFlx
   1.000       7.2993
   2.000       5.4578
   3.000       3.6118
   4.000       3.1048
   5.000       1.7493
   6.000       0.9667
   7.000       1.6553
   8.000       1.1854
   9.000       2.4038
  10.000       1.8213
  11.000       1.9985
  12.000       2.0156
  13.000       1.8935
  14.000       2.5790
  15.000       1.9744
  16.000       1.6701
  17.000       1.5690
  18.000       0.9323
  19.000       0.9800
  20.000       0.8649
  21.000       0.8827
  22.000       1.5209
  23.000       1.6635
  24.000       1.1850
  25.000       2.1579
  26.000       1.3528
  27.000       1.5927
  28.000       0.9860
  29.000       0.8433
  30.000       0.9638
  31.000       2.1325
  32.000       1.0056
  33.000       1.3596
  34.000       1.4509
  35.000       1.3742
  36.000       1.6339
  37.000       2.1093
  38.000       1.7541
  39.000       1.9720
  40.000       1.4014
  41.000       2.3202
  42.000       1.9274
  43.000       1.5131
  44.000       2.1776
  45.000       2.0766
  46.000       0.9402
  47.000       0.8617
  48.000       0.8529
  49.000       1.1450
  50.000       1.8745
  51.000       0.9450
  52.000       1.5207
  53.000       1.4565
  54.000       1.3664
  55.000       1.7891
  56.000       2.1607
  57.000       2.2234
  58.000       3.7245
  59.000       4.4966
