#Frame   AVERAGE_00010 AVERAGE_00010[SD]
       1        5.4769            1.4364
       2        4.0325            1.5797
       3        2.8608            0.9869
       4        2.2764            0.7846
       5        1.8689            0.4303
       6        1.1524            0.2867
       7        1.7353            0.3718
       8        1.2618            0.2376
       9        2.1146            0.3405
      10        1.5122            0.1823
      11        1.5958            0.2761
      12        1.8752            0.1369
      13        1.7631            0.2470
      14        2.5680            0.2590
      15        2.1154            0.4460
      16        1.5984            0.4128
      17        1.5813            0.3550
      18        0.9670            0.1346
      19        0.9886            0.0724
      20        0.8701            0.1269
      21        0.8902            0.1326
      22        1.6030            0.2971
      23        1.6483            0.1234
      24        1.1430            0.2246
      25        1.9613            0.2282
      26        1.2669            0.2617
      27        1.5655            0.2354
      28        0.9581            0.1601
      29        0.8910            0.1617
      30        1.0120            0.1305
      31        2.1607            0.1260
      32        1.1318            0.1280
      33        1.4624            0.1412
      34        1.5370            0.0930
      35        1.4436            0.1042
      36        1.8618            0.2404
      37        2.2851            0.3826
      38        1.9769            0.4286
      39        2.1450            0.2868
      40        1.5896            0.3971
      41        2.6602            0.7688
      42        2.1496            0.5459
      43        1.7390            0.4196
      44        2.2474            0.0991
      45        2.2516            0.2469
      46        1.0239            0.1032
      47        1.0012            0.2375
      48        0.8669            0.0841
      49        1.1574            0.0841
      50        1.8469            0.1434
      51        0.9269            0.1243
      52        1.5859            0.0998
      53        1.5328            0.1614
      54        1.4499            0.1597
      55        1.7828            0.1324
      56        2.1926            0.2057
      57        2.1994            0.2483
      58        2.9015            0.5317
      59        3.2543            0.8675
