#Res        AtomicFlx
   1.000       3.3130
   2.000       1.3447
   3.000       1.0275
   4.000       0.8998
   5.000       1.2329
   6.000       1.0366
   7.000       1.5930
   8.000       1.1236
   9.000       2.0861
  10.000       1.5214
  11.000       1.3610
  12.000       1.9854
  13.000       1.2870
  14.000       2.1044
  15.000       1.4705
  16.000       0.9024
  17.000       1.2806
  18.000       0.8448
  19.000       0.8836
  20.000       0.6790
  21.000       0.6386
  22.000       1.2043
  23.000       1.4266
  24.000       0.7067
  25.000       1.5412
  26.000       0.7510
  27.000       1.1578
  28.000       0.6567
  29.000       0.6734
  30.000       0.7963
  31.000       2.0533
  32.000       1.1804
  33.000       1.3130
  34.000       1.4241
  35.000       1.3338
  36.000       2.2321
  37.000       2.7892
  38.000       2.7497
  39.000       2.6893
  40.000       2.3601
  41.000       4.1636
  42.000       3.2201
  43.000       2.5597
  44.000       2.1470
  45.000       2.5368
  46.000       1.0239
  47.000       0.8488
  48.000       0.7355
  49.000       1.0280
  50.000       1.5760
  51.000       0.7051
  52.000       1.4421
  53.000       1.2830
  54.000       1.1946
  55.000       1.5715
  56.000       1.8454
  57.000       1.7671
  58.000       2.1995
  59.000       2.2108
