#Res        AtomicFlx
   1.000       5.8022
   2.000       4.5655
   3.000       3.2181
   4.000       2.1013
   5.000       1.7525
   6.000       0.9411
   7.000       1.3860
   8.000       1.1141
   9.000       1.6138
  10.000       1.2495
  11.000       1.2232
  12.000       1.6709
  13.000       1.9583
  14.000       2.7751
  15.000       2.4638
  16.000       1.9095
  17.000       1.6799
  18.000       0.9426
  19.000       0.9737
  20.000       0.8043
  21.000       0.9386
  22.000       2.0878
  23.000       1.6647
  24.000       1.3488
  25.000       1.9106
  26.000       1.3422
  27.000       1.6413
  28.000       1.0375
  29.000       0.9145
  30.000       1.0928
  31.000       2.1752
  32.000       1.0517
  33.000       1.4338
  34.000       1.5659
  35.000       1.4990
  36.000       1.8358
  37.000       2.2709
  38.000       1.7960
  39.000       1.9811
  40.000       1.4159
  41.000       2.4217
  42.000       1.8567
  43.000       1.4216
  44.000       2.1933
  45.000       1.9530
  46.000       0.9124
  47.000       0.8412
  48.000       0.8441
  49.000       1.1654
  50.000       1.8667
  51.000       0.9072
  52.000       1.5727
  53.000       1.5327
  54.000       1.4688
  55.000       1.7521
  56.000       2.1726
  57.000       2.1607
  58.000       2.5515
  59.000       2.6220
