#Res        AtomicFlx
   1.000       4.4347
   2.000       3.2414
   3.000       2.6968
   4.000       2.3183
   5.000       2.0669
   6.000       1.7145
   7.000       2.4565
   8.000       1.7344
   9.000       2.5629
  10.000       1.4870
  11.000       1.6530
  12.000       1.7544
  13.000       1.9157
  14.000       2.8448
  15.000       2.7474
  16.000       2.0841
  17.000       2.1918
  18.000       1.2271
  19.000       1.1106
  20.000       1.0526
  21.000       0.9900
  22.000       1.4585
  23.000       1.6787
  24.000       1.2349
  25.000       2.1493
  26.000       1.4536
  27.000       1.5477
  28.000       1.1304
  29.000       1.1721
  30.000       1.1842
  31.000       2.3938
  32.000       1.3603
  33.000       1.7181
  34.000       1.6843
  35.000       1.6210
  36.000       2.0186
  37.000       2.5738
  38.000       2.0846
  39.000       2.1767
  40.000       1.5362
  41.000       2.4156
  42.000       2.0368
  43.000       1.6909
  44.000       2.3048
  45.000       2.1386
  46.000       1.0355
  47.000       0.9907
  48.000       0.9910
  49.000       1.2930
  50.000       1.9180
  51.000       1.0732
  52.000       1.6932
  53.000       1.6296
  54.000       1.5666
  55.000       1.9851
  56.000       2.3216
  57.000       2.3241
  58.000       3.2335
  59.000       4.0351
