#Res        AtomicFlx
   1.000       6.5355
   2.000       5.5531
   3.000       3.7500
   4.000       2.9580
   5.000       2.5430
   6.000       1.1030
   7.000       1.5856
   8.000       1.1513
   9.000       1.9062
  10.000       1.4819
  11.000       1.7431
  12.000       1.9495
  13.000       1.7610
  14.000       2.5368
  15.000       1.9208
  16.000       1.4258
  17.000       1.1851
  18.000       0.8883
  19.000       0.9949
  20.000       0.9495
  21.000       1.0009
  22.000       1.7437
  23.000       1.8081
  24.000       1.2396
  25.000       2.0475
  26.000       1.4350
  27.000       1.8881
  28.000       0.9801
  29.000       0.8519
  30.000       1.0227
  31.000       2.0489
  32.000       1.0609
  33.000       1.4875
  34.000       1.5597
  35.000       1.3898
  36.000       1.5887
  37.000       1.6822
  38.000       1.5001
  39.000       1.9060
  40.000       1.2344
  41.000       1.9800
  42.000       1.7068
  43.000       1.5096
  44.000       2.4145
  45.000       2.5532
  46.000       1.2075
  47.000       1.4635
  48.000       0.9112
  49.000       1.1557
  50.000       1.9991
  51.000       1.0039
  52.000       1.7006
  53.000       1.7622
  54.000       1.6532
  55.000       1.8161
  56.000       2.4628
  57.000       2.5215
  58.000       2.7986
  59.000       2.9068
