#Frame   AVERAGE_00010 AVERAGE_00010[SD]
       1        5.2500            0.6489
       2        3.7151            0.6624
       3        2.8345            0.5705
       4        1.9762            0.4866
       5        1.8972            0.4807
       6        1.2840            0.3702
       7        1.8229            0.5175
       8        1.4041            0.3154
       9        2.0885            0.4711
      10        1.5146            0.2845
      11        1.7378            0.3926
      12        2.0368            0.7837
      13        2.0843            0.4453
      14        2.8077            0.2167
      15        2.4085            0.1946
      16        1.9779            0.2179
      17        1.7647            0.1330
      18        1.0761            0.1714
      19        1.0785            0.1516
      20        1.0064            0.2522
      21        1.0425            0.3726
      22        1.6443            0.4899
      23        1.7683            0.3857
      24        1.2266            0.3062
      25        2.0427            0.2470
      26        1.4834            0.4510
      27        1.5712            0.3043
      28        1.1035            0.2624
      29        1.0654            0.2116
      30        1.1461            0.1668
      31        2.2128            0.3070
      32        1.3139            0.2291
      33        1.5763            0.2998
      34        1.6258            0.2478
      35        1.5952            0.2877
      36        1.9487            0.2612
      37        2.6562            0.3806
      38        2.1841            0.3648
      39        2.3745            0.2749
      40        1.7338            0.4143
      41        2.6472            0.4557
      42        2.1574            0.3363
      43        1.7551            0.2759
      44        2.3647            0.3275
      45        2.2006            0.3686
      46        1.3204            0.4898
      47        1.1027            0.3081
      48        1.1290            0.3259
      49        1.4405            0.3059
      50        2.1108            0.3530
      51        1.1706            0.3046
      52        1.7664            0.2342
      53        1.8694            0.4049
      54        1.8691            0.4911
      55        2.2089            0.5338
      56        2.4653            0.4543
      57        2.8354            0.8478
      58        3.3455            1.0723
      59        3.4124            1.3154
