#Res        AtomicFlx
   1.000       6.6839
   2.000       4.2609
   3.000       3.5495
   4.000       1.6797
   5.000       1.4187
   6.000       0.8675
   7.000       1.2824
   8.000       0.9602
   9.000       1.4155
  10.000       1.0524
  11.000       1.0585
  12.000       1.0944
  13.000       1.1623
  14.000       1.9051
  15.000       1.3622
  16.000       1.0923
  17.000       0.7332
  18.000       0.6387
  19.000       0.6492
  20.000       0.7020
  21.000       0.8317
  22.000       1.7997
  23.000       1.6102
  24.000       1.1725
  25.000       2.0883
  26.000       1.2098
  27.000       0.8448
  28.000       0.7212
  29.000       0.6469
  30.000       0.7305
  31.000       1.8821
  32.000       0.8902
  33.000       1.0067
  34.000       1.0452
  35.000       0.9882
  36.000       1.2043
  37.000       1.2722
  38.000       1.1815
  39.000       1.6825
  40.000       0.8094
  41.000       1.5589
  42.000       1.3356
  43.000       1.0656
  44.000       1.7157
  45.000       2.0605
  46.000       0.9338
  47.000       0.8915
  48.000       0.8965
  49.000       1.2182
  50.000       1.9708
  51.000       0.9426
  52.000       1.5542
  53.000       1.5101
  54.000       1.4720
  55.000       1.7352
  56.000       2.0423
  57.000       2.0786
  58.000       2.5701
  59.000       2.4847
