#Res        AtomicFlx
   1.000       5.4240
   2.000       3.5221
   3.000       2.9826
   4.000       1.5990
   5.000       1.5017
   6.000       0.8479
   7.000       1.3152
   8.000       0.9769
   9.000       1.5380
  10.000       1.2380
  11.000       1.1963
  12.000       1.4027
  13.000       1.2959
  14.000       2.1633
  15.000       1.6656
  16.000       1.2327
  17.000       0.7918
  18.000       0.7003
  19.000       0.7710
  20.000       0.7081
  21.000       0.7686
  22.000       1.4874
  23.000       1.6551
  24.000       1.0968
  25.000       1.8491
  26.000       1.3350
  27.000       0.9177
  28.000       0.8475
  29.000       0.6735
  30.000       0.7282
  31.000       1.9324
  32.000       0.8659
  33.000       1.0402
  34.000       0.9697
  35.000       1.0654
  36.000       1.2893
  37.000       1.4634
  38.000       1.3055
  39.000       1.7540
  40.000       0.8890
  41.000       1.6876
  42.000       1.4571
  43.000       1.1446
  44.000       1.7158
  45.000       2.1044
  46.000       0.9140
  47.000       0.8082
  48.000       0.8354
  49.000       1.1145
  50.000       1.6993
  51.000       0.8553
  52.000       1.4356
  53.000       1.4065
  54.000       1.3083
  55.000       1.6982
  56.000       1.9881
  57.000       1.9409
  58.000       2.1707
  59.000       2.2968
