#Res        AtomicFlx
   1.000       6.4452
   2.000       4.2495
   3.000       4.4181
   4.000       2.5527
   5.000       1.7383
   6.000       0.9281
   7.000       1.3767
   8.000       1.0546
   9.000       1.7132
  10.000       1.2529
  11.000       1.2263
  12.000       1.3362
  13.000       1.3953
  14.000       2.1105
  15.000       1.6063
  16.000       1.2782
  17.000       0.8681
  18.000       0.7759
  19.000       0.8541
  20.000       0.7541
  21.000       0.9045
  22.000       2.0338
  23.000       1.7700
  24.000       1.2434
  25.000       1.9537
  26.000       1.1527
  27.000       0.9152
  28.000       0.7850
  29.000       0.7789
  30.000       0.8662
  31.000       1.9937
  32.000       0.9741
  33.000       1.2278
  34.000       1.2410
  35.000       1.1318
  36.000       1.3671
  37.000       1.5292
  38.000       1.4022
  39.000       1.8749
  40.000       0.9990
  41.000       1.7798
  42.000       1.5681
  43.000       1.3115
  44.000       1.9844
  45.000       2.3264
  46.000       1.0124
  47.000       0.9362
  48.000       0.8441
  49.000       1.1314
  50.000       1.8268
  51.000       0.9718
  52.000       1.5917
  53.000       1.5489
  54.000       1.6312
  55.000       2.1176
  56.000       4.0865
  57.000       4.4221
  58.000       4.9017
  59.000       3.5833
