#Res        AtomicFlx
   1.000       5.7431
   2.000       3.9675
   3.000       4.4950
   4.000       3.4929
   5.000       1.6718
   6.000       0.9636
   7.000       1.4397
   8.000       1.1030
   9.000       1.7872
  10.000       1.3127
  11.000       1.3377
  12.000       1.2935
  13.000       1.3868
  14.000       2.0589
  15.000       1.7150
  16.000       1.3038
  17.000       0.8383
  18.000       0.7445
  19.000       0.7692
  20.000       0.7289
  21.000       0.8242
  22.000       1.7338
  23.000       1.5581
  24.000       1.1509
  25.000       1.8928
  26.000       1.1984
  27.000       0.8901
  28.000       0.9569
  29.000       0.7039
  30.000       0.7689
  31.000       2.0148
  32.000       0.9204
  33.000       1.0512
  34.000       1.1083
  35.000       1.0289
  36.000       1.3042
  37.000       1.4235
  38.000       1.3217
  39.000       1.7727
  40.000       0.9152
  41.000       1.7906
  42.000       1.5308
  43.000       1.2740
  44.000       1.9810
  45.000       2.2065
  46.000       1.0945
  47.000       0.9667
  48.000       0.9467
  49.000       1.2512
  50.000       1.9694
  51.000       0.9590
  52.000       1.5574
  53.000       1.5441
  54.000       1.5645
  55.000       1.8188
  56.000       2.1185
  57.000       2.2535
  58.000       2.7063
  59.000       2.6312
