#Res        AtomicFlx
   1.000       5.8322
   2.000       3.7712
   3.000       3.4352
   4.000       1.7468
   5.000       1.5796
   6.000       1.3240
   7.000       1.9598
   8.000       1.6854
   9.000       1.9459
  10.000       1.4999
  11.000       1.3896
  12.000       1.3913
  13.000       1.7955
  14.000       2.4391
  15.000       2.2073
  16.000       1.7869
  17.000       1.3330
  18.000       0.8671
  19.000       0.8970
  20.000       0.9564
  21.000       1.4518
  22.000       2.4302
  23.000       2.6680
  24.000       1.8409
  25.000       2.1061
  26.000       1.6259
  27.000       0.9972
  28.000       1.2158
  29.000       1.2335
  30.000       1.5804
  31.000       2.9597
  32.000       1.8891
  33.000       1.9227
  34.000       2.1832
  35.000       1.7874
  36.000       2.1454
  37.000       2.0588
  38.000       2.0105
  39.000       2.3342
  40.000       1.1844
  41.000       1.8636
  42.000       1.7307
  43.000       1.4490
  44.000       2.0549
  45.000       2.7356
  46.000       1.5757
  47.000       1.7892
  48.000       1.6754
  49.000       1.9910
  50.000       2.4968
  51.000       2.0773
  52.000       3.1956
  53.000       2.7113
  54.000       4.4404
  55.000       6.5855
  56.000       8.5873
  57.000       8.0318
  58.000      10.3576
  59.000       9.9537
