#Res        AtomicFlx
 647.000       8.8511
 648.000       8.8077
 649.000      10.3122
 650.000       9.2358
 651.000       9.1358
 652.000       7.9579
 653.000       7.7092
 654.000       8.5803
 655.000       7.3513
 656.000       7.4719
 657.000       6.2072
 658.000       6.0530
 659.000       5.1869
 660.000       5.3378
 661.000       4.9565
 662.000       5.8028
 663.000       6.5388
 664.000       6.0075
 665.000       6.7190
 666.000       5.0456
 667.000       4.3343
 668.000       3.7697
 669.000       3.2135
 670.000       2.9643
 671.000       2.7686
 672.000       2.3764
 673.000       2.9238
 674.000       2.7387
 675.000       2.4533
 676.000       2.7437
 677.000       3.0590
 678.000       3.0170
 679.000       2.6930
 680.000       2.4540
 681.000       3.2474
 682.000       2.9697
 683.000       2.4406
 684.000       2.6471
 685.000       3.1135
 686.000       2.7221
 687.000       2.6952
 688.000       3.0343
 689.000       2.9852
 690.000       3.5605
 691.000       3.4413
 692.000       2.9186
 693.000       2.7813
 694.000       2.7343
 695.000       2.5322
 696.000       2.3436
 697.000       2.5400
 698.000       2.5440
 699.000       2.0837
 700.000       1.9321
 701.000       2.1480
 702.000       1.6491
 703.000       1.5897
 704.000       1.6253
 705.000       1.8338
 706.000       1.4692
 707.000       1.3464
 708.000       1.5445
 709.000       1.7314
 710.000       1.4986
 711.000       1.2889
 712.000       1.5722
 713.000       1.9782
 714.000       1.3555
 715.000       1.5600
 716.000       1.8683
 717.000       1.7619
 718.000       1.5514
 719.000       2.0363
 720.000       2.6966
 721.000       2.1758
 722.000       2.2673
 723.000       2.9298
 724.000       2.3760
 725.000       3.0004
 726.000       2.5824
 727.000       2.1768
 728.000       1.9841
 729.000       1.7687
 730.000       2.0220
 731.000       1.6117
 732.000       1.3868
 733.000       1.3019
 734.000       1.3717
 735.000       1.1016
 736.000       1.1471
 737.000       1.4538
 738.000       1.6644
 739.000       1.3176
 740.000       1.4807
 741.000       1.6324
 742.000       1.5374
 743.000       1.4828
 744.000       1.8275
 745.000       2.0701
 746.000       2.0576
 747.000       2.7270
 748.000       4.1588
