#Res        AtomicFlx
 295.000      10.2324
 296.000       9.1838
 297.000      10.4153
 298.000       8.2318
 299.000       7.3368
 300.000       6.1886
 301.000       5.8682
 302.000       6.4106
 303.000       6.9842
 304.000       8.7135
 305.000       8.2280
 306.000       9.0670
 307.000       8.5563
 308.000       8.6904
 309.000       8.7084
 310.000       9.6566
 311.000       8.6162
 312.000       8.6887
 313.000       7.6354
 314.000       8.3956
 315.000       7.3259
 316.000       7.3451
 317.000       6.4374
 318.000       6.1684
 319.000       5.9842
 320.000       5.5032
 321.000       5.9228
 322.000       5.8927
 323.000       5.5112
 324.000       5.7850
 325.000       5.7011
 326.000       5.6131
 327.000       5.2293
 328.000       4.9818
 329.000       5.3014
 330.000       5.2194
 331.000       4.5601
 332.000       4.3966
 333.000       4.6707
 334.000       4.4063
 335.000       3.9395
 336.000       4.0052
 337.000       4.2630
 338.000       4.5008
 339.000       4.7807
 340.000       4.8566
 341.000       4.9519
 342.000       5.2847
 343.000       5.0902
 344.000       4.7701
 345.000       5.1941
 346.000       5.3988
 347.000       4.6036
 348.000       4.6325
 349.000       5.1833
 350.000       4.6138
 351.000       4.3163
 352.000       4.5872
 353.000       4.7979
 354.000       4.2281
 355.000       4.0171
 356.000       4.5098
 357.000       4.5737
 358.000       4.0135
 359.000       4.0595
 360.000       4.4814
 361.000       4.1345
 362.000       3.7976
 363.000       4.3000
 364.000       4.5690
 365.000       4.1299
 366.000       3.8882
 367.000       4.6644
 368.000       4.9364
 369.000       4.1371
 370.000       4.6622
 371.000       5.1785
 372.000       4.9754
 373.000       5.5608
 374.000       5.3885
 375.000       5.0629
 376.000       4.8203
 377.000       4.5513
 378.000       4.4160
 379.000       4.3983
 380.000       4.1689
 381.000       3.8333
 382.000       3.7339
 383.000       3.6193
 384.000       3.5889
 385.000       3.2864
 386.000       3.1588
 387.000       3.5004
 388.000       3.0582
 389.000       3.5906
 390.000       3.1955
 391.000       3.7026
 392.000       3.5155
 393.000       4.4837
 394.000       4.7170
 395.000       5.0876
 396.000       5.9941
