#Res        AtomicFlx
 647.000      15.2644
 648.000      14.8430
 649.000      14.5288
 650.000      13.1909
 651.000      13.1745
 652.000      11.2056
 653.000      10.0958
 654.000       8.9119
 655.000       8.1352
 656.000       7.9756
 657.000       6.5124
 658.000       6.8433
 659.000       4.4829
 660.000       3.3129
 661.000       3.0367
 662.000       3.0024
 663.000       3.6914
 664.000       3.4216
 665.000       3.3013
 666.000       3.2958
 667.000       3.3196
 668.000       2.7168
 669.000       3.5419
 670.000       2.6888
 671.000       1.9851
 672.000       2.0648
 673.000       2.6913
 674.000       2.0213
 675.000       2.0494
 676.000       2.2513
 677.000       2.7797
 678.000       2.5096
 679.000       2.2344
 680.000       2.3255
 681.000       2.9588
 682.000       2.4400
 683.000       2.3421
 684.000       2.6112
 685.000       2.9024
 686.000       2.4851
 687.000       2.7046
 688.000       2.9988
 689.000       2.9948
 690.000       3.4543
 691.000       3.4863
 692.000       3.0584
 693.000       3.1522
 694.000       3.0251
 695.000       3.0817
 696.000       2.7848
 697.000       2.6484
 698.000       2.8638
 699.000       2.7131
 700.000       2.3052
 701.000       2.2847
 702.000       2.1843
 703.000       2.0951
 704.000       1.8540
 705.000       2.1134
 706.000       1.9356
 707.000       1.6277
 708.000       1.6245
 709.000       1.9649
 710.000       1.7203
 711.000       1.3160
 712.000       1.3815
 713.000       2.0506
 714.000       1.4023
 715.000       1.2897
 716.000       1.5630
 717.000       1.5651
 718.000       1.3180
 719.000       1.6854
 720.000       2.3535
 721.000       2.1359
 722.000       2.1477
 723.000       2.7784
 724.000       1.9679
 725.000       2.2442
 726.000       1.8699
 727.000       1.5551
 728.000       1.5495
 729.000       1.4392
 730.000       1.8140
 731.000       1.3641
 732.000       1.1778
 733.000       1.1734
 734.000       1.2147
 735.000       1.0649
 736.000       1.1385
 737.000       1.2812
 738.000       1.5006
 739.000       1.4160
 740.000       1.4067
 741.000       1.8512
 742.000       1.5092
 743.000       1.4530
 744.000       1.6690
 745.000       1.8122
 746.000       1.7399
 747.000       2.5329
 748.000       4.1169
