#Res        AtomicFlx
 295.000      10.1292
 296.000       8.6367
 297.000       8.1152
 298.000       7.1673
 299.000       7.8680
 300.000       8.2026
 301.000       8.7206
 302.000       9.2628
 303.000       9.1081
 304.000      10.0273
 305.000       9.8241
 306.000      10.5149
 307.000      10.1864
 308.000      10.2357
 309.000      10.3182
 310.000      10.2706
 311.000       7.7048
 312.000       7.6338
 313.000       7.8740
 314.000       7.2576
 315.000       5.1275
 316.000       5.1217
 317.000       4.3734
 318.000       4.2202
 319.000       3.7658
 320.000       3.8793
 321.000       4.3920
 322.000       4.0523
 323.000       3.9194
 324.000       4.2120
 325.000       4.6455
 326.000       4.4596
 327.000       4.0766
 328.000       4.0178
 329.000       4.7327
 330.000       4.2246
 331.000       3.7860
 332.000       3.9375
 333.000       4.2984
 334.000       3.8056
 335.000       3.7043
 336.000       3.9585
 337.000       4.1108
 338.000       4.5888
 339.000       4.6791
 340.000       4.4317
 341.000       4.4451
 342.000       4.5755
 343.000       4.3724
 344.000       4.0671
 345.000       4.3586
 346.000       4.2465
 347.000       3.7866
 348.000       3.6817
 349.000       3.9119
 350.000       3.4823
 351.000       3.2382
 352.000       3.2501
 353.000       3.3283
 354.000       2.9537
 355.000       2.7217
 356.000       2.9346
 357.000       3.0259
 358.000       2.6078
 359.000       2.4046
 360.000       2.5070
 361.000       2.8495
 362.000       2.0289
 363.000       2.0805
 364.000       2.1789
 365.000       1.8896
 366.000       1.6690
 367.000       1.9638
 368.000       2.2744
 369.000       1.7375
 370.000       1.7546
 371.000       2.1526
 372.000       2.0091
 373.000       2.4772
 374.000       2.3180
 375.000       2.3602
 376.000       2.2384
 377.000       2.3100
 378.000       2.3945
 379.000       1.9956
 380.000       2.2424
 381.000       2.0860
 382.000       1.7897
 383.000       1.9295
 384.000       2.1441
 385.000       2.0135
 386.000       1.9331
 387.000       2.1595
 388.000       2.1993
 389.000       2.6077
 390.000       2.2052
 391.000       2.3760
 392.000       2.2788
 393.000       2.6417
 394.000       2.6769
 395.000       3.0383
 396.000       4.1752
