#Res        AtomicFlx
 295.000      15.3249
 296.000      13.9384
 297.000      12.8537
 298.000      12.3872
 299.000      12.7974
 300.000      12.4393
 301.000      12.4999
 302.000      12.4915
 303.000      11.8574
 304.000      11.9853
 305.000      11.1634
 306.000      11.1213
 307.000      10.1617
 308.000       9.6955
 309.000       9.2360
 310.000       8.9522
 311.000       9.7101
 312.000       9.0394
 313.000       8.6516
 314.000       8.7441
 315.000       8.2029
 316.000       7.7036
 317.000       8.0942
 318.000       8.0166
 319.000       7.3881
 320.000       7.0646
 321.000       7.9616
 322.000       7.4777
 323.000       7.0249
 324.000       7.5417
 325.000       7.8639
 326.000       7.7006
 327.000       7.0623
 328.000       6.8305
 329.000       7.5942
 330.000       7.1275
 331.000       6.2639
 332.000       6.3831
 333.000       6.9352
 334.000       6.0484
 335.000       5.8337
 336.000       6.2163
 337.000       6.5804
 338.000       7.3140
 339.000       7.6871
 340.000       7.3165
 341.000       7.4001
 342.000       7.6749
 343.000       7.3073
 344.000       6.7819
 345.000       7.2968
 346.000       7.1790
 347.000       6.2291
 348.000       6.2171
 349.000       6.8038
 350.000       5.8885
 351.000       5.4862
 352.000       5.6830
 353.000       5.8656
 354.000       5.0897
 355.000       4.8471
 356.000       5.3651
 357.000       5.2541
 358.000       4.5329
 359.000       4.6900
 360.000       5.1416
 361.000       5.2129
 362.000       4.2948
 363.000       4.8858
 364.000       5.2073
 365.000       4.7251
 366.000       4.4405
 367.000       5.4019
 368.000       5.4813
 369.000       5.0017
 370.000       5.5706
 371.000       6.1331
 372.000       5.8718
 373.000       6.5774
 374.000       6.2612
 375.000       5.8355
 376.000       5.5544
 377.000       5.2185
 378.000       4.9810
 379.000       4.9739
 380.000       4.7480
 381.000       4.3351
 382.000       4.2530
 383.000       4.0434
 384.000       4.0335
 385.000       3.5706
 386.000       3.5376
 387.000       3.6424
 388.000       3.4825
 389.000       4.0148
 390.000       3.9836
 391.000       4.4648
 392.000       4.3018
 393.000       5.1324
 394.000       5.3058
 395.000       5.4395
 396.000       6.2971
