#Res        AtomicFlx
 647.000       8.9710
 648.000       8.2365
 649.000       8.8220
 650.000       8.0546
 651.000       9.0570
 652.000       7.4271
 653.000       6.9806
 654.000       7.3051
 655.000       6.4122
 656.000       6.9036
 657.000       6.6129
 658.000       6.7781
 659.000       6.8991
 660.000       7.1058
 661.000       7.2204
 662.000       7.7880
 663.000       7.3115
 664.000       7.7191
 665.000       6.8385
 666.000       6.6454
 667.000       5.5087
 668.000       5.0315
 669.000       5.3508
 670.000       4.8219
 671.000       4.3460
 672.000       4.1878
 673.000       4.9787
 674.000       4.5179
 675.000       4.2279
 676.000       4.7450
 677.000       5.2457
 678.000       4.9744
 679.000       4.3863
 680.000       4.3926
 681.000       5.2055
 682.000       4.4844
 683.000       3.9354
 684.000       4.3772
 685.000       4.8899
 686.000       3.7514
 687.000       4.1582
 688.000       4.6670
 689.000       4.9299
 690.000       5.7598
 691.000       6.1032
 692.000       5.4807
 693.000       5.6553
 694.000       5.6531
 695.000       5.4628
 696.000       4.8849
 697.000       5.0049
 698.000       4.8379
 699.000       4.4122
 700.000       4.0505
 701.000       4.3090
 702.000       3.7348
 703.000       3.4773
 704.000       3.2791
 705.000       3.5158
 706.000       3.0812
 707.000       2.6439
 708.000       2.8179
 709.000       2.9108
 710.000       2.5786
 711.000       2.3075
 712.000       2.5936
 713.000       3.2987
 714.000       2.3917
 715.000       2.4877
 716.000       2.8160
 717.000       2.7551
 718.000       2.5495
 719.000       3.0966
 720.000       3.5965
 721.000       3.4272
 722.000       3.6085
 723.000       4.2006
 724.000       3.5891
 725.000       4.2010
 726.000       3.6837
 727.000       3.1272
 728.000       2.8984
 729.000       2.5317
 730.000       2.7486
 731.000       2.5737
 732.000       2.2005
 733.000       2.0395
 734.000       2.3396
 735.000       2.0439
 736.000       1.9813
 737.000       2.2046
 738.000       2.3219
 739.000       2.2681
 740.000       2.2814
 741.000       2.4594
 742.000       2.0506
 743.000       1.9300
 744.000       1.9114
 745.000       2.1992
 746.000       2.4696
 747.000       2.8629
 748.000       4.1446
