#Res        AtomicFlx
 647.000       8.8160
 648.000       7.4698
 649.000       7.5501
 650.000       7.9500
 651.000      10.0593
 652.000       9.1374
 653.000       9.0670
 654.000       9.5596
 655.000       8.6190
 656.000       8.9529
 657.000       8.8004
 658.000       9.8977
 659.000       8.0886
 660.000       7.2080
 661.000       6.2130
 662.000       5.7151
 663.000       5.5070
 664.000       5.1454
 665.000       4.3526
 666.000       4.9906
 667.000       4.6716
 668.000       4.8770
 669.000       4.8596
 670.000       5.0357
 671.000       4.6167
 672.000       4.5573
 673.000       5.2820
 674.000       4.7254
 675.000       4.3576
 676.000       4.5144
 677.000       4.8057
 678.000       4.3598
 679.000       4.0622
 680.000       4.1270
 681.000       4.6011
 682.000       4.0339
 683.000       3.6745
 684.000       3.8139
 685.000       4.0302
 686.000       3.3441
 687.000       3.4557
 688.000       3.6956
 689.000       4.0008
 690.000       4.4455
 691.000       4.8556
 692.000       4.5871
 693.000       4.8466
 694.000       5.0141
 695.000       4.9773
 696.000       4.4488
 697.000       4.6311
 698.000       4.8821
 699.000       4.4203
 700.000       4.0689
 701.000       4.4967
 702.000       4.1273
 703.000       3.8017
 704.000       3.6944
 705.000       4.0650
 706.000       3.6763
 707.000       3.1675
 708.000       3.4147
 709.000       3.9107
 710.000       3.2923
 711.000       2.9766
 712.000       3.2630
 713.000       3.8358
 714.000       2.8231
 715.000       2.9513
 716.000       3.2832
 717.000       3.0468
 718.000       2.6186
 719.000       3.1924
 720.000       3.6959
 721.000       2.9612
 722.000       3.2039
 723.000       3.8285
 724.000       3.3662
 725.000       3.9022
 726.000       3.5490
 727.000       3.3176
 728.000       3.0191
 729.000       2.7535
 730.000       2.8221
 731.000       2.8038
 732.000       2.5961
 733.000       2.2073
 734.000       2.2597
 735.000       2.3424
 736.000       2.2453
 737.000       2.0356
 738.000       2.5801
 739.000       2.4204
 740.000       2.0773
 741.000       2.4105
 742.000       2.2437
 743.000       2.2547
 744.000       2.0125
 745.000       2.5236
 746.000       2.7773
 747.000       2.9701
 748.000       3.8825
