#Res        AtomicFlx
 295.000      11.6768
 296.000       9.9634
 297.000       8.5174
 298.000       6.9487
 299.000       7.0352
 300.000       7.1733
 301.000       8.4902
 302.000      10.5446
 303.000       9.7947
 304.000      10.1924
 305.000      11.4285
 306.000      12.3517
 307.000      11.2914
 308.000      10.8744
 309.000      10.3174
 310.000      10.2632
 311.000      11.1983
 312.000       7.9828
 313.000       6.8164
 314.000       5.1281
 315.000       4.3802
 316.000       3.6879
 317.000       4.8729
 318.000       4.4385
 319.000       3.5363
 320.000       3.5748
 321.000       4.3286
 322.000       4.1857
 323.000       3.8676
 324.000       4.4006
 325.000       4.7191
 326.000       4.4609
 327.000       3.9035
 328.000       3.9198
 329.000       4.7651
 330.000       4.2327
 331.000       3.7310
 332.000       4.1155
 333.000       4.6485
 334.000       3.9115
 335.000       4.0356
 336.000       4.4774
 337.000       4.5675
 338.000       5.2704
 339.000       5.3730
 340.000       4.7790
 341.000       4.7414
 342.000       4.6993
 343.000       4.4675
 344.000       4.1103
 345.000       4.2907
 346.000       4.0654
 347.000       3.5711
 348.000       3.4442
 349.000       3.6428
 350.000       2.9750
 351.000       2.8481
 352.000       2.8151
 353.000       2.7475
 354.000       2.3796
 355.000       2.2149
 356.000       2.2065
 357.000       2.2557
 358.000       1.8257
 359.000       1.5730
 360.000       1.6970
 361.000       2.1731
 362.000       1.1465
 363.000       1.2914
 364.000       1.4980
 365.000       1.2830
 366.000       1.0001
 367.000       1.4786
 368.000       2.1494
 369.000       1.4713
 370.000       1.6021
 371.000       2.3062
 372.000       1.6911
 373.000       2.4613
 374.000       1.9525
 375.000       1.7840
 376.000       1.5787
 377.000       1.6039
 378.000       1.7995
 379.000       1.3690
 380.000       1.4464
 381.000       1.3630
 382.000       1.0751
 383.000       1.1064
 384.000       1.4425
 385.000       1.4817
 386.000       1.1995
 387.000       1.4707
 388.000       1.7003
 389.000       2.1465
 390.000       1.9871
 391.000       2.0892
 392.000       2.1737
 393.000       2.1894
 394.000       2.2528
 395.000       2.5689
 396.000       3.8652
