#Res        AtomicFlx
 647.000       4.7147
 648.000       4.7714
 649.000       4.7998
 650.000       5.6890
 651.000       7.3681
 652.000       7.2098
 653.000       7.7180
 654.000       8.7941
 655.000       8.0954
 656.000       8.5928
 657.000       7.4706
 658.000       7.5264
 659.000       6.3359
 660.000       6.0040
 661.000       5.8111
 662.000       5.6081
 663.000       5.5346
 664.000       5.6794
 665.000       6.7755
 666.000       5.6938
 667.000       4.7929
 668.000       4.3401
 669.000       6.0098
 670.000       5.3647
 671.000       4.3805
 672.000       4.6844
 673.000       5.4374
 674.000       4.6493
 675.000       4.4695
 676.000       4.8207
 677.000       5.3212
 678.000       4.7773
 679.000       4.2458
 680.000       4.6233
 681.000       5.2971
 682.000       4.3260
 683.000       4.1819
 684.000       4.8229
 685.000       5.2482
 686.000       4.0912
 687.000       4.6987
 688.000       5.2720
 689.000       5.4945
 690.000       6.3161
 691.000       6.6999
 692.000       6.0133
 693.000       6.3674
 694.000       6.3166
 695.000       6.3462
 696.000       5.6023
 697.000       5.4790
 698.000       5.7903
 699.000       5.3922
 700.000       4.7485
 701.000       4.9803
 702.000       4.6532
 703.000       4.2331
 704.000       3.8521
 705.000       4.3194
 706.000       3.9738
 707.000       3.1793
 708.000       3.2623
 709.000       3.9347
 710.000       3.4681
 711.000       2.6264
 712.000       2.8996
 713.000       3.6270
 714.000       2.6944
 715.000       2.4394
 716.000       3.0403
 717.000       3.0567
 718.000       2.3123
 719.000       2.8476
 720.000       3.8721
 721.000       3.3337
 722.000       3.2885
 723.000       4.1068
 724.000       3.0128
 725.000       3.6852
 726.000       2.7234
 727.000       2.3657
 728.000       1.8798
 729.000       1.4197
 730.000       1.9072
 731.000       1.9933
 732.000       1.6656
 733.000       1.3262
 734.000       1.6197
 735.000       1.9189
 736.000       1.8302
 737.000       1.7519
 738.000       2.2386
 739.000       2.7687
 740.000       2.3062
 741.000       2.8255
 742.000       1.9613
 743.000       1.6803
 744.000       1.7565
 745.000       1.6864
 746.000       1.8417
 747.000       2.3031
 748.000       3.7995
