#Res        AtomicFlx
 295.000      16.7619
 296.000      14.9778
 297.000      12.7856
 298.000      14.2699
 299.000      15.1450
 300.000      14.2726
 301.000      11.9991
 302.000      12.1500
 303.000       9.1374
 304.000       8.0512
 305.000       7.7594
 306.000       7.3681
 307.000       7.1950
 308.000       7.1285
 309.000       7.1618
 310.000       6.1356
 311.000       6.6028
 312.000       6.0393
 313.000       5.6478
 314.000       6.5252
 315.000       6.5259
 316.000       5.9119
 317.000       6.0892
 318.000       5.7537
 319.000       4.8526
 320.000       5.1375
 321.000       6.0594
 322.000       5.2882
 323.000       5.1574
 324.000       5.8459
 325.000       6.7147
 326.000       6.3158
 327.000       5.6058
 328.000       5.7140
 329.000       6.7693
 330.000       5.8754
 331.000       5.3237
 332.000       5.9570
 333.000       6.6888
 334.000       5.4636
 335.000       5.7694
 336.000       6.4446
 337.000       6.6314
 338.000       7.6627
 339.000       8.0899
 340.000       7.0978
 341.000       7.2161
 342.000       7.2160
 343.000       7.0011
 344.000       6.2786
 345.000       6.4119
 346.000       6.2210
 347.000       5.6954
 348.000       5.2707
 349.000       5.4684
 350.000       4.8476
 351.000       4.5260
 352.000       4.1712
 353.000       4.3653
 354.000       3.8433
 355.000       3.2611
 356.000       3.2932
 357.000       3.5897
 358.000       2.9552
 359.000       2.4059
 360.000       2.5581
 361.000       2.9604
 362.000       1.9959
 363.000       1.8901
 364.000       2.2783
 365.000       2.1097
 366.000       1.5389
 367.000       2.0130
 368.000       2.8331
 369.000       2.2244
 370.000       2.2031
 371.000       2.9571
 372.000       2.1359
 373.000       2.7897
 374.000       2.1539
 375.000       2.0055
 376.000       1.6929
 377.000       1.7359
 378.000       1.9280
 379.000       1.6132
 380.000       1.7727
 381.000       1.6471
 382.000       1.5467
 383.000       1.5872
 384.000       1.9177
 385.000       1.8688
 386.000       1.7874
 387.000       2.0255
 388.000       2.1475
 389.000       2.5909
 390.000       2.3788
 391.000       2.4689
 392.000       2.9338
 393.000       2.8498
 394.000       2.5585
 395.000       2.9166
 396.000       3.9923
