#Frame   AVERAGE_00010 AVERAGE_00010[SD]
       1        9.3234            3.3805
       2        8.8257            3.3115
       3        9.2026            3.2206
       4        8.8241            2.4667
       5        9.7589            1.9159
       6        8.5876            1.4695
       7        8.3141            1.1172
       8        8.6302            0.7387
       9        7.7226            0.7704
      10        7.9794            0.7401
      11        7.1207            0.9387
      12        7.4197            1.3239
      13        6.1987            1.2688
      14        5.7937            1.4233
      15        5.4475            1.4081
      16        5.5833            1.5224
      17        5.7167            1.2164
      18        5.5946            1.3867
      19        5.5974            1.4838
      20        5.1342            1.0959
      21        4.5254            0.7142
      22        4.1470            0.8415
      23        4.5951            1.0640
      24        4.1751            1.1180
      25        3.6194            1.0485
      26        3.5741            1.1215
      27        4.2626            1.1995
      28        3.7305            1.1277
      29        3.5115            1.0397
      30        3.8150            1.0916
      31        4.2423            1.0980
      32        3.9276            0.9843
      33        3.5243            0.8841
      34        3.5845            0.9889
      35        4.2620            0.9802
      36        3.6508            0.8034
      37        3.3149            0.7716
      38        3.6545            0.8962
      39        4.0368            0.9311
      40        3.2788            0.6046
      41        3.5425            0.7929
      42        3.9335            0.9020
      43        4.0810            1.0105
      44        4.7072            1.1532
      45        4.9173            1.3277
      46        4.4116            1.2490
      47        4.5606            1.3924
      48        4.5486            1.4265
      49        4.4800            1.4453
      50        4.0129            1.2467
      51        4.0607            1.2276
      52        4.1836            1.2592
      53        3.8043            1.2183
      54        3.4210            1.0991
      55        3.6437            1.1867
      56        3.2697            1.1550
      57        3.0394            1.0189
      58        2.8610            0.9373
      59        3.1695            1.0143
      60        2.8272            0.9736
      61        2.3930            0.7697
      62        2.5328            0.7991
      63        2.8905            0.9308
      64        2.5116            0.7976
      65        2.1031            0.6872
      66        2.3420            0.7399
      67        2.9581            0.7896
      68        2.1334            0.6319
      69        2.1456            0.6210
      70        2.5142            0.6755
      71        2.4371            0.6439
      72        2.0700            0.5337
      73        2.5717            0.6015
      74        3.2429            0.6026
      75        2.8068            0.5540
      76        2.9032            0.5851
      77        3.5688            0.5982
      78        2.8624            0.6068
      79        3.4066            0.7029
      80        2.8817            0.6674
      81        2.5085            0.6445
      82        2.2662            0.5847
      83        1.9826            0.5574
      84        2.2628            0.4324
      85        2.0693            0.5489
      86        1.8054            0.5234
      87        1.6097            0.4260
      88        1.7611            0.4590
      89        1.6943            0.5177
      90        1.6685            0.4493
      91        1.7454            0.3451
      92        2.0611            0.4100
      93        2.0382            0.5725
      94        1.9105            0.3900
      95        2.2358            0.4337
      96        1.8604            0.2902
      97        1.7602            0.3004
      98        1.8354            0.1193
      99        2.0583            0.2951
     100        2.1772            0.3908
     101        2.6792            0.2381
     102        4.0205            0.1495
