#Frame   AVERAGE_00010 AVERAGE_00010[SD]
       1       12.8250            2.7224
       2       11.3400            2.6014
       3       10.5374            2.0190
       4        9.8010            2.9730
       5       10.0365            3.3081
       6        9.6553            3.1419
       7        9.5156            2.4520
       8       10.1719            2.2094
       9        9.3764            1.5609
      10        9.7939            1.3579
      11        9.6807            1.4883
      12       10.0846            1.7213
      13        9.4782            1.4366
      14        9.3249            1.3111
      15        9.1484            1.1733
      16        9.0556            1.5384
      17        8.7664            1.5897
      18        7.8768            1.0447
      19        7.3250            1.0227
      20        7.2101            1.3088
      21        6.3125            1.3989
      22        5.9540            1.4715
      23        5.9734            1.3037
      24        5.7195            1.3688
      25        5.1054            1.4355
      26        5.0319            1.2503
      27        5.7329            1.3327
      28        5.3793            1.2539
      29        5.0961            1.1653
      30        5.5570            1.2017
      31        5.9289            1.2267
      32        5.7100            1.2217
      33        5.1755            1.1466
      34        5.0928            1.0908
      35        5.8325            1.1500
      36        5.3359            1.0924
      37        4.7329            0.9616
      38        4.9579            1.0095
      39        5.4483            1.1240
      40        4.7271            0.8838
      41        4.6565            0.9413
      42        5.0204            1.0873
      43        5.2306            1.1326
      44        5.8673            1.3546
      45        6.1220            1.4673
      46        5.6963            1.2438
      47        5.7509            1.2829
      48        5.8901            1.3005
      49        5.6477            1.2583
      50        5.2016            1.1244
      51        5.5104            1.1763
      52        5.4221            1.1788
      53        4.7772            1.0409
      54        4.6492            1.0230
      55        5.0020            1.1430
      56        4.3614            1.0322
      57        4.0830            0.9443
      58        4.1013            1.0121
      59        4.2209            1.0979
      60        3.6989            0.9520
      61        3.4124            0.9336
      62        3.6618            1.1316
      63        3.7398            1.0699
      64        3.1870            0.9733
      65        3.0266            1.1592
      66        3.2770            1.3064
      67        3.4661            1.0776
      68        2.6527            1.1913
      69        2.8896            1.4270
      70        3.1463            1.4614
      71        2.8275            1.3474
      72        2.5073            1.3825
      73        3.1043            1.6030
      74        3.5349            1.3967
      75        2.9144            1.3997
      76        3.1585            1.6362
      77        3.7455            1.6115
      78        3.3367            1.7335
      79        3.9733            1.7451
      80        3.6148            1.8291
      81        3.4096            1.6931
      82        3.1769            1.6728
      83        3.0839            1.5044
      84        3.1038            1.3291
      85        2.8700            1.5073
      86        2.8757            1.3295
      87        2.6529            1.2017
      88        2.4797            1.2678
      89        2.4572            1.1599
      90        2.6253            1.0043
      91        2.4442            0.8272
      92        2.3233            0.8803
      93        2.5597            0.8589
      94        2.5176            0.6526
      95        2.9901            0.6968
      96        2.7500            0.7398
      97        3.0203            0.9097
      98        3.0407            0.7949
      99        3.4594            1.1403
     100        3.5022            1.2539
     101        3.8102            1.2018
     102        4.8648            1.0548
