#Res        AtomicFlx
 295.000       5.5963
 296.000       6.0047
 297.000       7.9452
 298.000       6.9189
 299.000       7.8859
 300.000       7.0807
 301.000       7.2192
 302.000       7.9882
 303.000       7.1984
 304.000       7.3150
 305.000       6.7810
 306.000       7.4144
 307.000       6.7791
 308.000       6.7795
 309.000       6.3898
 310.000       6.1044
 311.000       5.7176
 312.000       4.5535
 313.000       5.2666
 314.000       4.3876
 315.000       3.0515
 316.000       2.5602
 317.000       1.5772
 318.000       1.6509
 319.000       1.3073
 320.000       1.2415
 321.000       1.6182
 322.000       1.2347
 323.000       1.1961
 324.000       1.2088
 325.000       1.4432
 326.000       1.1896
 327.000       1.1155
 328.000       1.0946
 329.000       1.5345
 330.000       1.1066
 331.000       1.0157
 332.000       0.9895
 333.000       1.0575
 334.000       0.9933
 335.000       0.9777
 336.000       0.9919
 337.000       1.0196
 338.000       1.1277
 339.000       1.2439
 340.000       1.1113
 341.000       1.1466
 342.000       1.2048
 343.000       1.2282
 344.000       1.1066
 345.000       1.1750
 346.000       1.6477
 347.000       1.3597
 348.000       1.0872
 349.000       1.1889
 350.000       1.1125
 351.000       1.1275
 352.000       1.0409
 353.000       1.3475
 354.000       1.1034
 355.000       0.9726
 356.000       1.0592
 357.000       1.4897
 358.000       1.3148
 359.000       0.9971
 360.000       1.0112
 361.000       2.0041
 362.000       1.0433
 363.000       0.8952
 364.000       0.9793
 365.000       0.9132
 366.000       0.8504
 367.000       0.9634
 368.000       1.4657
 369.000       0.9728
 370.000       1.0357
 371.000       1.5220
 372.000       1.0396
 373.000       1.4123
 374.000       1.1143
 375.000       1.0353
 376.000       1.0041
 377.000       0.9483
 378.000       1.4247
 379.000       0.9096
 380.000       0.8795
 381.000       0.8597
 382.000       0.8856
 383.000       0.8342
 384.000       0.8446
 385.000       1.1412
 386.000       1.2263
 387.000       1.1609
 388.000       0.9890
 389.000       1.3474
 390.000       1.1893
 391.000       0.9123
 392.000       0.8570
 393.000       1.0355
 394.000       1.2296
 395.000       2.1615
 396.000       3.4206
