#Res        AtomicFlx
 295.000       7.3695
 296.000       5.7211
 297.000       6.2761
 298.000       4.0057
 299.000       4.5578
 300.000       4.9238
 301.000       5.9351
 302.000       7.1638
 303.000       6.7411
 304.000       7.8669
 305.000       7.6989
 306.000       9.3401
 307.000       8.5954
 308.000       8.7415
 309.000       9.3385
 310.000       9.6714
 311.000       7.7028
 312.000       5.3335
 313.000       4.7946
 314.000       3.1092
 315.000       2.3777
 316.000       2.0960
 317.000       2.7828
 318.000       2.0858
 319.000       1.7460
 320.000       1.6098
 321.000       2.1678
 322.000       1.6463
 323.000       1.5276
 324.000       1.5783
 325.000       1.8985
 326.000       1.6653
 327.000       1.5960
 328.000       1.5256
 329.000       2.0063
 330.000       1.6113
 331.000       1.4543
 332.000       1.4617
 333.000       1.6078
 334.000       1.4639
 335.000       1.4198
 336.000       1.4950
 337.000       1.5277
 338.000       1.6990
 339.000       1.8558
 340.000       1.6108
 341.000       1.5865
 342.000       1.6451
 343.000       1.5999
 344.000       1.4904
 345.000       1.5928
 346.000       1.9506
 347.000       1.6162
 348.000       1.4068
 349.000       1.5579
 350.000       1.3764
 351.000       1.3380
 352.000       1.3181
 353.000       1.5753
 354.000       1.2786
 355.000       1.2117
 356.000       1.3055
 357.000       1.5332
 358.000       1.3660
 359.000       1.1373
 360.000       1.1957
 361.000       1.9449
 362.000       1.0970
 363.000       1.1022
 364.000       1.1766
 365.000       1.0794
 366.000       1.0090
 367.000       1.1921
 368.000       1.7281
 369.000       1.1281
 370.000       1.2419
 371.000       1.7092
 372.000       1.2717
 373.000       1.7282
 374.000       1.3504
 375.000       1.2864
 376.000       1.2348
 377.000       1.1701
 378.000       1.6064
 379.000       1.2209
 380.000       1.0874
 381.000       1.0329
 382.000       1.0381
 383.000       0.9563
 384.000       0.9986
 385.000       1.2750
 386.000       0.9738
 387.000       1.0943
 388.000       1.0678
 389.000       1.4586
 390.000       1.1439
 391.000       1.1050
 392.000       1.1010
 393.000       1.2685
 394.000       1.3479
 395.000       2.3026
 396.000       3.5998
