#Res        AtomicFlx
 295.000      17.9093
 296.000      16.3751
 297.000      16.2754
 298.000      13.3450
 299.000      12.1082
 300.000      11.1034
 301.000      10.7052
 302.000      11.5751
 303.000      10.8830
 304.000      11.6516
 305.000      11.5686
 306.000      12.6087
 307.000      11.7919
 308.000      11.7091
 309.000      11.3184
 310.000      11.4434
 311.000      10.3889
 312.000       8.9536
 313.000       8.6033
 314.000       7.4408
 315.000       6.3619
 316.000       5.6436
 317.000       7.5253
 318.000       4.6160
 319.000       4.0209
 320.000       3.6154
 321.000       4.1721
 322.000       3.8623
 323.000       3.6135
 324.000       3.8461
 325.000       4.0365
 326.000       3.8472
 327.000       3.5591
 328.000       3.4770
 329.000       3.9970
 330.000       3.6167
 331.000       3.2188
 332.000       3.2708
 333.000       3.5605
 334.000       3.1149
 335.000       3.0199
 336.000       3.2059
 337.000       3.3574
 338.000       3.7133
 339.000       3.6574
 340.000       3.6608
 341.000       3.6666
 342.000       3.8250
 343.000       3.6751
 344.000       3.4421
 345.000       3.6789
 346.000       3.8463
 347.000       3.2734
 348.000       3.1981
 349.000       3.5284
 350.000       3.1009
 351.000       2.9434
 352.000       2.9869
 353.000       3.1688
 354.000       2.7939
 355.000       2.5753
 356.000       2.7778
 357.000       3.0436
 358.000       2.5889
 359.000       2.4137
 360.000       2.6628
 361.000       2.9230
 362.000       2.2420
 363.000       2.3418
 364.000       2.5204
 365.000       2.3281
 366.000       2.0178
 367.000       2.4069
 368.000       2.9551
 369.000       2.1743
 370.000       2.2747
 371.000       2.8134
 372.000       2.4949
 373.000       3.0685
 374.000       2.7365
 375.000       2.6252
 376.000       2.3658
 377.000       2.2686
 378.000       2.2228
 379.000       2.2250
 380.000       2.2378
 381.000       1.9982
 382.000       1.8522
 383.000       2.0140
 384.000       2.0366
 385.000       2.0128
 386.000       1.8770
 387.000       2.0615
 388.000       1.8754
 389.000       2.3954
 390.000       2.0001
 391.000       2.0788
 392.000       1.8999
 393.000       2.2157
 394.000       2.4451
 395.000       2.5798
 396.000       3.7316
