#Frame   AVERAGE_00010 AVERAGE_00010[SD]
       1        9.4690            4.6949
       2        8.1081            4.4797
       3        8.2377            4.4700
       4        6.5289            3.6496
       5        6.5716            3.1061
       6        6.1536            2.7568
       7        6.5572            2.3181
       8        7.5678            2.2372
       9        7.0797            2.0699
      10        7.8379            2.0815
      11        7.3865            2.3140
      12        8.1861            2.6914
      13        7.6190            2.4606
      14        7.6023            2.4909
      15        7.4906            2.5144
      16        7.7076            2.4347
      17        6.7183            2.1680
      18        5.3334            2.1013
      19        5.4536            1.8363
      20        4.4665            1.6293
      21        3.5061            1.4709
      22        3.1377            1.2856
      23        3.1901            2.2048
      24        2.3764            1.1293
      25        1.9566            1.0452
      26        1.8063            0.9200
      27        2.2583            0.9782
      28        1.8696            1.0075
      29        1.7161            0.9659
      30        1.7883            1.0499
      31        2.0539            1.0160
      32        1.7991            1.0556
      33        1.6829            0.9677
      34        1.6470            0.9407
      35        2.1428            0.9481
      36        1.7089            0.9888
      37        1.5524            0.8608
      38        1.5680            0.8810
      39        1.7121            0.9600
      40        1.5402            0.8223
      41        1.5167            0.7817
      42        1.5923            0.8415
      43        1.6389            0.8918
      44        1.8221            0.9823
      45        1.8661            0.9432
      46        1.7552            0.9825
      47        1.7597            0.9777
      48        1.8260            1.0242
      49        1.7957            0.9560
      50        1.6471            0.9171
      51        1.7623            0.9807
      52        2.1255            0.8727
      53        1.7534            0.7732
      54        1.5536            0.8372
      55        1.7088            0.9286
      56        1.5276            0.7977
      57        1.5053            0.7266
      58        1.4480            0.7838
      59        1.7089            0.7414
      60        1.4345            0.6876
      61        1.3142            0.6416
      62        1.4219            0.6894
      63        1.7198            0.6725
      64        1.5095            0.5506
      65        1.2378            0.6008
      66        1.2978            0.6986
      67        2.0290            0.4773
      68        1.1776            0.5511
      69        1.1636            0.6041
      70        1.2512            0.6506
      71        1.1707            0.5904
      72        1.0827            0.4763
      73        1.2409            0.5988
      74        1.8002            0.5887
      75        1.2594            0.4671
      76        1.2967            0.5014
      77        1.7954            0.5186
      78        1.3202            0.6031
      79        1.7248            0.6983
      80        1.4054            0.6856
      81        1.3363            0.6629
      82        1.2689            0.5649
      83        1.2124            0.5434
      84        1.5928            0.3286
      85        1.2170            0.5262
      86        1.1465            0.5601
      87        1.0912            0.4649
      88        1.0942            0.3857
      89        1.0561            0.4860
      90        1.0934            0.4789
      91        1.3576            0.3307
      92        1.2313            0.3585
      93        1.3282            0.3765
      94        1.2060            0.3392
      95        1.5182            0.4675
      96        1.2518            0.3856
      97        1.1632            0.4682
      98        1.1251            0.4023
      99        1.3217            0.4617
     100        1.4722            0.4922
     101        2.2291            0.2042
     102        3.5950            0.1170
