#Res        AtomicFlx
 647.000      12.4321
 648.000      12.7027
 649.000      13.9758
 650.000      11.7634
 651.000      11.3462
 652.000       9.8603
 653.000       9.0941
 654.000       8.4302
 655.000       6.8883
 656.000       6.4598
 657.000       6.2098
 658.000       6.1561
 659.000       5.3979
 660.000       5.3340
 661.000       5.0304
 662.000       4.1025
 663.000       5.8105
 664.000       4.0842
 665.000       6.1557
 666.000       4.0518
 667.000       3.0528
 668.000       2.8966
 669.000       3.2236
 670.000       2.2514
 671.000       1.5350
 672.000       1.5046
 673.000       2.1790
 674.000       1.3674
 675.000       1.2078
 676.000       1.2116
 677.000       1.7552
 678.000       1.3040
 679.000       1.2566
 680.000       1.3663
 681.000       1.8838
 682.000       1.5091
 683.000       1.3371
 684.000       1.5772
 685.000       1.6959
 686.000       1.3599
 687.000       1.7398
 688.000       1.9428
 689.000       1.9361
 690.000       2.2302
 691.000       2.3514
 692.000       2.0403
 693.000       2.2163
 694.000       2.1465
 695.000       2.2554
 696.000       1.9382
 697.000       1.7629
 698.000       2.2761
 699.000       2.0942
 700.000       1.5892
 701.000       1.5816
 702.000       1.6578
 703.000       1.6007
 704.000       1.2803
 705.000       1.6669
 706.000       1.5643
 707.000       1.1597
 708.000       1.1689
 709.000       1.8113
 710.000       1.5602
 711.000       0.9914
 712.000       1.0183
 713.000       1.9704
 714.000       1.0872
 715.000       0.8401
 716.000       1.0976
 717.000       1.0458
 718.000       0.8341
 719.000       1.1053
 720.000       1.7780
 721.000       1.2554
 722.000       1.3175
 723.000       1.8556
 724.000       1.3284
 725.000       1.7543
 726.000       1.2868
 727.000       1.0561
 728.000       1.0057
 729.000       0.8597
 730.000       1.3822
 731.000       0.8704
 732.000       0.7037
 733.000       0.7869
 734.000       0.8925
 735.000       0.7621
 736.000       0.8453
 737.000       1.2425
 738.000       1.2983
 739.000       1.5754
 740.000       1.3832
 741.000       1.5792
 742.000       1.2407
 743.000       0.9919
 744.000       1.2970
 745.000       1.1963
 746.000       1.1266
 747.000       2.2208
 748.000       3.5098
