#Res        AtomicFlx
 295.000       5.3609
 296.000       3.5048
 297.000       2.6402
 298.000       3.0354
 299.000       3.9245
 300.000       3.4242
 301.000       4.2807
 302.000       5.0405
 303.000       4.8364
 304.000       5.3616
 305.000       4.6495
 306.000       4.5209
 307.000       4.4854
 308.000       4.2951
 309.000       4.2367
 310.000       5.0016
 311.000       4.0604
 312.000       2.4421
 313.000       2.9204
 314.000       2.8623
 315.000       2.4383
 316.000       2.4004
 317.000       1.8533
 318.000       1.7361
 319.000       1.4238
 320.000       1.4455
 321.000       1.7129
 322.000       1.3654
 323.000       1.2823
 324.000       1.3697
 325.000       1.6618
 326.000       1.4078
 327.000       1.2798
 328.000       1.2779
 329.000       1.7496
 330.000       1.3762
 331.000       1.2584
 332.000       1.3015
 333.000       1.4489
 334.000       1.3326
 335.000       1.3281
 336.000       1.4058
 337.000       1.4085
 338.000       1.5802
 339.000       1.5873
 340.000       1.4565
 341.000       1.4330
 342.000       1.4670
 343.000       1.4033
 344.000       1.2768
 345.000       1.3936
 346.000       1.6862
 347.000       1.3483
 348.000       1.1590
 349.000       1.2887
 350.000       1.0706
 351.000       1.0897
 352.000       1.0458
 353.000       1.2663
 354.000       1.0273
 355.000       0.9629
 356.000       1.0504
 357.000       1.3357
 358.000       1.2335
 359.000       0.8735
 360.000       0.8720
 361.000       1.7471
 362.000       0.7623
 363.000       0.7627
 364.000       0.8050
 365.000       0.7368
 366.000       0.7304
 367.000       0.7966
 368.000       1.3945
 369.000       0.8865
 370.000       0.8938
 371.000       1.3983
 372.000       0.8952
 373.000       1.2135
 374.000       0.9646
 375.000       0.9074
 376.000       0.9059
 377.000       0.9011
 378.000       1.3831
 379.000       0.9784
 380.000       0.8347
 381.000       0.8552
 382.000       0.8687
 383.000       0.7683
 384.000       0.8499
 385.000       1.1908
 386.000       0.8324
 387.000       1.0335
 388.000       1.1249
 389.000       1.3965
 390.000       0.9854
 391.000       0.9219
 392.000       0.9842
 393.000       1.1628
 394.000       1.2277
 395.000       1.9732
 396.000       3.5145
