#Res        AtomicFlx
 647.000       8.6752
 648.000       7.1806
 649.000       7.3995
 650.000       7.0740
 651.000       9.0019
 652.000       8.4327
 653.000       9.2163
 654.000      10.3395
 655.000       9.2098
 656.000       9.3577
 657.000       7.9634
 658.000       8.1562
 659.000       6.8139
 660.000       6.1920
 661.000       5.3211
 662.000       5.3773
 663.000       5.0285
 664.000       3.6887
 665.000       4.4106
 666.000       2.9252
 667.000       2.2294
 668.000       2.0064
 669.000       2.6668
 670.000       1.6543
 671.000       1.1549
 672.000       1.0984
 673.000       1.6974
 674.000       1.1256
 675.000       1.0356
 676.000       0.9861
 677.000       1.3392
 678.000       0.9592
 679.000       0.8878
 680.000       0.8962
 681.000       1.3526
 682.000       0.9800
 683.000       0.8808
 684.000       0.8134
 685.000       0.8414
 686.000       0.7919
 687.000       0.8253
 688.000       0.8316
 689.000       0.8539
 690.000       0.9606
 691.000       1.0448
 692.000       0.9617
 693.000       1.0045
 694.000       1.0650
 695.000       1.1099
 696.000       0.9501
 697.000       1.0134
 698.000       1.5004
 699.000       1.1721
 700.000       0.9387
 701.000       1.0774
 702.000       0.9883
 703.000       0.9725
 704.000       0.9236
 705.000       1.2626
 706.000       0.9978
 707.000       0.8794
 708.000       1.0122
 709.000       1.3376
 710.000       1.1831
 711.000       0.8989
 712.000       0.8629
 713.000       1.6858
 714.000       0.8609
 715.000       0.8286
 716.000       0.8895
 717.000       0.8951
 718.000       0.8908
 719.000       0.9057
 720.000       1.5274
 721.000       1.2535
 722.000       1.0461
 723.000       1.5222
 724.000       0.9471
 725.000       1.3578
 726.000       0.9385
 727.000       0.9014
 728.000       0.8654
 729.000       0.8220
 730.000       1.3926
 731.000       0.8453
 732.000       0.7947
 733.000       0.7969
 734.000       0.9080
 735.000       0.8139
 736.000       0.8181
 737.000       1.1997
 738.000       1.3218
 739.000       1.1968
 740.000       1.1096
 741.000       1.4308
 742.000       1.2906
 743.000       0.8966
 744.000       0.8410
 745.000       0.8862
 746.000       1.0197
 747.000       2.0182
 748.000       3.5998
