#Res        AtomicFlx
 295.000      11.1092
 296.000       8.9348
 297.000       8.0514
 298.000       5.3397
 299.000       4.3817
 300.000       4.2358
 301.000       4.6458
 302.000       6.0713
 303.000       5.7397
 304.000       6.9942
 305.000       6.2343
 306.000       7.0465
 307.000       6.4434
 308.000       6.4861
 309.000       6.1696
 310.000       6.3174
 311.000       5.7220
 312.000       5.3841
 313.000       5.6831
 314.000       4.5327
 315.000       3.3009
 316.000       2.9883
 317.000       2.2117
 318.000       1.7930
 319.000       1.2852
 320.000       1.1195
 321.000       1.6205
 322.000       1.2393
 323.000       0.9610
 324.000       0.9387
 325.000       1.2296
 326.000       0.8856
 327.000       0.8641
 328.000       0.8598
 329.000       1.4266
 330.000       0.8335
 331.000       0.8148
 332.000       0.8166
 333.000       0.8857
 334.000       0.7965
 335.000       0.8382
 336.000       0.8628
 337.000       0.8813
 338.000       0.9901
 339.000       0.9859
 340.000       0.9364
 341.000       0.9658
 342.000       0.9883
 343.000       1.0722
 344.000       0.9195
 345.000       0.9710
 346.000       1.4969
 347.000       1.1695
 348.000       0.9171
 349.000       0.9803
 350.000       0.9776
 351.000       1.0280
 352.000       0.8485
 353.000       1.1866
 354.000       0.9695
 355.000       0.8483
 356.000       0.9168
 357.000       1.1968
 358.000       1.0445
 359.000       0.7676
 360.000       0.7472
 361.000       1.5261
 362.000       0.7434
 363.000       0.7163
 364.000       0.7747
 365.000       0.7959
 366.000       0.8061
 367.000       0.8453
 368.000       1.4575
 369.000       1.1354
 370.000       1.0373
 371.000       1.5340
 372.000       0.8994
 373.000       1.2016
 374.000       0.8610
 375.000       0.8274
 376.000       0.8339
 377.000       0.7737
 378.000       1.3271
 379.000       0.7510
 380.000       0.6931
 381.000       0.7100
 382.000       0.8264
 383.000       0.7078
 384.000       0.7371
 385.000       1.1680
 386.000       1.2470
 387.000       1.2907
 388.000       0.9729
 389.000       0.9929
 390.000       0.9404
 391.000       0.7981
 392.000       0.7834
 393.000       0.9260
 394.000       1.1108
 395.000       2.1284
 396.000       3.7083
