#Res        AtomicFlx
 647.000       9.7240
 648.000       8.1347
 649.000       7.5281
 650.000       7.5905
 651.000       8.7877
 652.000       8.0284
 653.000       7.9547
 654.000       8.1945
 655.000       6.2760
 656.000       5.9272
 657.000       4.7218
 658.000       4.8764
 659.000       3.2500
 660.000       2.5691
 661.000       2.1321
 662.000       2.4769
 663.000       2.2475
 664.000       2.5583
 665.000       3.0538
 666.000       2.7398
 667.000       2.6300
 668.000       2.0839
 669.000       3.0164
 670.000       2.1497
 671.000       1.6726
 672.000       1.5580
 673.000       2.1746
 674.000       1.5988
 675.000       1.4318
 676.000       1.4308
 677.000       1.5940
 678.000       1.2254
 679.000       1.1550
 680.000       1.1829
 681.000       1.5819
 682.000       1.0731
 683.000       1.0516
 684.000       1.0272
 685.000       1.0287
 686.000       0.9548
 687.000       0.9577
 688.000       0.9629
 689.000       1.0452
 690.000       1.1407
 691.000       1.2781
 692.000       1.2359
 693.000       1.3416
 694.000       1.4132
 695.000       1.4830
 696.000       1.2720
 697.000       1.3476
 698.000       1.8567
 699.000       1.5277
 700.000       1.2355
 701.000       1.4537
 702.000       1.3537
 703.000       1.2523
 704.000       1.2202
 705.000       1.5743
 706.000       1.3430
 707.000       1.1529
 708.000       1.3598
 709.000       1.6630
 710.000       1.5470
 711.000       1.2512
 712.000       1.2924
 713.000       1.8539
 714.000       1.2914
 715.000       1.2258
 716.000       1.3609
 717.000       1.2917
 718.000       1.1536
 719.000       1.3249
 720.000       1.8308
 721.000       1.2734
 722.000       1.3626
 723.000       1.8437
 724.000       1.3781
 725.000       1.8104
 726.000       1.4725
 727.000       1.3760
 728.000       1.2623
 729.000       1.1584
 730.000       1.6371
 731.000       1.1758
 732.000       1.0907
 733.000       1.0184
 734.000       1.1127
 735.000       1.0402
 736.000       1.0013
 737.000       1.2344
 738.000       1.8340
 739.000       1.1364
 740.000       1.0539
 741.000       1.3559
 742.000       1.0880
 743.000       0.9854
 744.000       0.8948
 745.000       1.1623
 746.000       1.2804
 747.000       2.0537
 748.000       3.6428
