#Res        AtomicFlx
 647.000      12.4643
 648.000      11.8500
 649.000      12.7320
 650.000      11.2769
 651.000      11.8969
 652.000      12.0056
 653.000      10.7480
 654.000      10.1293
 655.000       8.5143
 656.000       8.2513
 657.000       6.9547
 658.000       6.9021
 659.000       4.7420
 660.000       4.2614
 661.000       3.4103
 662.000       3.3501
 663.000       1.6878
 664.000       2.3032
 665.000       3.0749
 666.000       2.3810
 667.000       2.2393
 668.000       1.6540
 669.000       2.7297
 670.000       1.7922
 671.000       1.3032
 672.000       1.3084
 673.000       1.9041
 674.000       1.2429
 675.000       1.1016
 676.000       1.1045
 677.000       1.4849
 678.000       1.0711
 679.000       0.9529
 680.000       0.9865
 681.000       1.4432
 682.000       0.9212
 683.000       0.9127
 684.000       0.8935
 685.000       0.9216
 686.000       0.7923
 687.000       0.8729
 688.000       0.9146
 689.000       0.9672
 690.000       1.1110
 691.000       1.2500
 692.000       1.1289
 693.000       1.2280
 694.000       1.2774
 695.000       1.3416
 696.000       1.1881
 697.000       1.2199
 698.000       1.7290
 699.000       1.4559
 700.000       1.1124
 701.000       1.2348
 702.000       1.1988
 703.000       1.1682
 704.000       1.0393
 705.000       1.4511
 706.000       1.1959
 707.000       0.9953
 708.000       1.0664
 709.000       1.3767
 710.000       1.2763
 711.000       0.8717
 712.000       0.8685
 713.000       1.5978
 714.000       0.8026
 715.000       0.7657
 716.000       0.8839
 717.000       0.8435
 718.000       0.7851
 719.000       0.8702
 720.000       1.4495
 721.000       0.9296
 722.000       1.0168
 723.000       1.5539
 724.000       1.0304
 725.000       1.3174
 726.000       1.0660
 727.000       0.8801
 728.000       0.8408
 729.000       0.7595
 730.000       1.2986
 731.000       0.8471
 732.000       0.7136
 733.000       0.7397
 734.000       0.8785
 735.000       0.7462
 736.000       0.7596
 737.000       1.1539
 738.000       0.9754
 739.000       1.3232
 740.000       0.9664
 741.000       1.6730
 742.000       1.0778
 743.000       0.7420
 744.000       0.8798
 745.000       0.7646
 746.000       1.0733
 747.000       2.0089
 748.000       3.3795
