#Res        AtomicFlx
 647.000       8.3709
 648.000       6.8841
 649.000       7.0745
 650.000       4.8596
 651.000       3.6231
 652.000       4.0765
 653.000       3.8000
 654.000       2.8133
 655.000       3.4677
 656.000       4.1948
 657.000       4.7003
 658.000       7.5534
 659.000       6.5847
 660.000       6.1542
 661.000       4.8274
 662.000       2.6675
 663.000       1.6221
 664.000       1.7633
 665.000       2.7466
 666.000       2.3189
 667.000       2.0292
 668.000       1.7985
 669.000       2.0083
 670.000       1.4829
 671.000       0.9851
 672.000       0.9345
 673.000       1.7031
 674.000       1.0284
 675.000       0.8932
 676.000       0.9459
 677.000       1.1742
 678.000       0.8052
 679.000       0.7329
 680.000       0.7426
 681.000       1.3002
 682.000       0.7501
 683.000       0.7006
 684.000       0.7045
 685.000       0.7695
 686.000       0.7362
 687.000       0.7486
 688.000       0.7795
 689.000       0.7791
 690.000       0.9465
 691.000       0.9641
 692.000       0.8398
 693.000       0.8873
 694.000       0.9106
 695.000       0.9828
 696.000       0.8313
 697.000       0.8767
 698.000       1.3954
 699.000       1.0943
 700.000       0.8393
 701.000       1.0205
 702.000       0.8330
 703.000       0.8802
 704.000       0.7754
 705.000       1.1008
 706.000       0.8893
 707.000       0.7679
 708.000       0.8414
 709.000       1.2241
 710.000       1.0513
 711.000       0.7112
 712.000       0.6572
 713.000       1.5413
 714.000       0.6676
 715.000       0.6175
 716.000       0.7115
 717.000       0.6755
 718.000       0.6569
 719.000       0.7094
 720.000       1.3765
 721.000       0.8740
 722.000       0.8437
 723.000       1.2877
 724.000       0.7920
 725.000       1.2326
 726.000       0.7830
 727.000       0.7268
 728.000       0.7335
 729.000       0.6825
 730.000       1.3238
 731.000       0.6828
 732.000       0.6104
 733.000       0.6611
 734.000       0.7370
 735.000       0.6387
 736.000       0.6795
 737.000       1.1530
 738.000       1.0493
 739.000       1.1756
 740.000       1.0321
 741.000       1.7759
 742.000       0.8457
 743.000       0.7055
 744.000       0.7297
 745.000       0.8740
 746.000       0.9958
 747.000       1.9203
 748.000       3.6439
