#Frame   AVERAGE_00010 AVERAGE_00010[SD]
       1       10.3333            1.7842
       2        9.3504            2.4394
       3        9.7420            2.9789
       4        8.5129            2.6258
       5        8.9312            2.9267
       6        8.4807            2.6051
       7        8.1626            2.3553
       8        7.9814            2.7251
       9        6.8712            2.0054
      10        6.8382            1.8058
      11        6.1100            1.2707
      12        6.7288            1.1408
      13        5.3577            1.2999
      14        4.9021            1.3617
      15        4.1443            1.2020
      16        3.5949            1.0587
      17        3.2793            1.7782
      18        2.8795            0.8703
      19        3.8883            1.2709
      20        2.8833            0.6259
      21        2.4361            0.3647
      22        2.0879            0.4319
      23        2.7290            0.4124
      24        1.8661            0.2919
      25        1.3302            0.2489
      26        1.2808            0.2370
      27        1.9316            0.2136
      28        1.2726            0.1988
      29        1.1340            0.1805
      30        1.1358            0.1745
      31        1.4695            0.2008
      32        1.0730            0.1796
      33        0.9970            0.1876
      34        1.0349            0.2185
      35        1.5123            0.2089
      36        1.0467            0.2540
      37        0.9766            0.2121
      38        1.0032            0.3057
      39        1.0514            0.3336
      40        0.9270            0.2285
      41        1.0289            0.3619
      42        1.0863            0.4330
      43        1.1163            0.4200
      44        1.2778            0.4825
      45        1.3777            0.5012
      46        1.2413            0.4220
      47        1.3355            0.4686
      48        1.3625            0.4283
      49        1.4345            0.4459
      50        1.2359            0.3853
      51        1.2441            0.3062
      52        1.7515            0.3088
      53        1.4688            0.3530
      54        1.1430            0.2617
      55        1.2736            0.2151
      56        1.2063            0.2872
      57        1.1748            0.2511
      58        1.0478            0.1863
      59        1.4111            0.2059
      60        1.1981            0.2411
      61        0.9910            0.1529
      62        1.0897            0.1717
      63        1.4825            0.2189
      64        1.3236            0.2010
      65        0.9449            0.1778
      66        0.9399            0.2104
      67        1.7298            0.1601
      68        0.9419            0.2211
      69        0.8555            0.2014
      70        0.9887            0.2227
      71        0.9503            0.2077
      72        0.8641            0.1641
      73        0.9831            0.2123
      74        1.5924            0.1803
      75        1.1172            0.1769
      76        1.1173            0.1951
      77        1.6126            0.2143
      78        1.0952            0.2247
      79        1.4945            0.2391
      80        1.1094            0.2453
      81        0.9881            0.2202
      82        0.9415            0.1823
      83        0.8564            0.1625
      84        1.4069            0.1204
      85        0.8843            0.1604
      86        0.7826            0.1647
      87        0.8006            0.1190
      88        0.9057            0.1202
      89        0.8002            0.1328
      90        0.8208            0.1067
      91        1.1967            0.0381
      92        1.2958            0.3013
      93        1.2815            0.1597
      94        1.1090            0.1445
      95        1.5630            0.1537
      96        1.1086            0.1556
      97        0.8643            0.1201
      98        0.9285            0.1931
      99        0.9767            0.1711
     100        1.0992            0.1013
     101        2.0444            0.0985
     102        3.5552            0.1005
