#Res        AtomicFlx
 295.000       3.2118
 296.000       2.7719
 297.000       2.2560
 298.000       2.6451
 299.000       4.0288
 300.000       4.3917
 301.000       5.9263
 302.000       8.4314
 303.000       7.7373
 304.000       8.5614
 305.000       7.6057
 306.000       8.3396
 307.000       7.9792
 308.000       8.3038
 309.000       7.5325
 310.000       7.7368
 311.000       4.7147
 312.000       6.0845
 313.000       6.2730
 314.000       4.3497
 315.000       4.0023
 316.000       3.4802
 317.000       3.3812
 318.000       1.7420
 319.000       1.1976
 320.000       1.0814
 321.000       1.5119
 322.000       0.9606
 323.000       0.8980
 324.000       0.8213
 325.000       1.1182
 326.000       0.7420
 327.000       0.6788
 328.000       0.7416
 329.000       1.2401
 330.000       0.6739
 331.000       0.6646
 332.000       0.6695
 333.000       0.7315
 334.000       0.6741
 335.000       0.6812
 336.000       0.7327
 337.000       0.7390
 338.000       0.8196
 339.000       0.8487
 340.000       0.7956
 341.000       0.8619
 342.000       0.8948
 343.000       0.9676
 344.000       0.8363
 345.000       0.8928
 346.000       1.4590
 347.000       1.1523
 348.000       0.8204
 349.000       0.8872
 350.000       0.8571
 351.000       0.8667
 352.000       0.7304
 353.000       1.0712
 354.000       0.8548
 355.000       0.7278
 356.000       0.7904
 357.000       1.2055
 358.000       0.9713
 359.000       0.7210
 360.000       0.7086
 361.000       1.1808
 362.000       0.7342
 363.000       0.6695
 364.000       0.7439
 365.000       0.7421
 366.000       0.7082
 367.000       0.7548
 368.000       1.2835
 369.000       0.8396
 370.000       0.8610
 371.000       1.3139
 372.000       0.7949
 373.000       1.0806
 374.000       0.7842
 375.000       0.7471
 376.000       0.7316
 377.000       0.6687
 378.000       1.2062
 379.000       0.7205
 380.000       0.6428
 381.000       0.6676
 382.000       0.7193
 383.000       0.6333
 384.000       0.6324
 385.000       0.9295
 386.000       1.0261
 387.000       0.8405
 388.000       0.7759
 389.000       1.1330
 390.000       0.7941
 391.000       0.6222
 392.000       0.6264
 393.000       0.8210
 394.000       0.9731
 395.000       1.9405
 396.000       3.3588
