#Res        AtomicFlx
 647.000       3.8104
 648.000       3.1579
 649.000       4.7909
 650.000       3.8780
 651.000       5.6068
 652.000       6.2133
 653.000       6.8226
 654.000       8.2012
 655.000       7.5451
 656.000       8.2951
 657.000       7.4559
 658.000       7.7373
 659.000       6.2317
 660.000       5.6394
 661.000       4.9285
 662.000       5.1357
 663.000       5.2557
 664.000       5.2478
 665.000       5.0515
 666.000       4.7819
 667.000       3.9639
 668.000       3.6161
 669.000       3.6157
 670.000       2.2036
 671.000       1.1579
 672.000       1.0389
 673.000       1.5025
 674.000       0.9425
 675.000       0.8834
 676.000       0.8923
 677.000       1.1964
 678.000       0.8561
 679.000       0.8115
 680.000       0.8361
 681.000       1.1953
 682.000       0.8384
 683.000       0.7821
 684.000       0.7599
 685.000       0.8169
 686.000       0.7572
 687.000       0.7754
 688.000       0.7976
 689.000       0.7990
 690.000       0.9203
 691.000       0.9270
 692.000       0.8788
 693.000       0.9074
 694.000       0.9481
 695.000       0.9760
 696.000       0.8728
 697.000       0.9376
 698.000       1.4205
 699.000       1.1020
 700.000       0.8241
 701.000       0.9035
 702.000       0.8460
 703.000       0.8641
 704.000       0.8016
 705.000       1.0675
 706.000       0.9291
 707.000       0.7725
 708.000       0.8931
 709.000       1.2600
 710.000       1.1493
 711.000       0.7452
 712.000       0.7478
 713.000       1.3985
 714.000       0.7967
 715.000       0.6830
 716.000       0.8302
 717.000       0.8331
 718.000       0.7673
 719.000       0.8719
 720.000       1.4892
 721.000       1.3039
 722.000       1.1050
 723.000       1.5643
 724.000       0.9843
 725.000       1.4981
 726.000       0.8924
 727.000       0.8414
 728.000       0.8008
 729.000       0.7318
 730.000       1.2952
 731.000       0.8773
 732.000       0.6376
 733.000       0.6826
 734.000       0.8498
 735.000       0.6268
 736.000       0.6382
 737.000       0.9941
 738.000       1.2781
 739.000       0.9705
 740.000       0.8500
 741.000       1.3397
 742.000       0.8952
 743.000       0.7222
 744.000       0.7242
 745.000       0.8638
 746.000       1.0006
 747.000       1.9442
 748.000       3.6861
