#Res        AtomicFlx
 647.000       2.3817
 648.000       3.0065
 649.000       5.3992
 650.000       5.9670
 651.000       8.6034
 652.000       6.8241
 653.000       6.6688
 654.000       7.6489
 655.000       5.9096
 656.000       5.8860
 657.000       5.0697
 658.000       5.3917
 659.000       3.0731
 660.000       2.1381
 661.000       1.8755
 662.000       1.3632
 663.000       1.8368
 664.000       2.0162
 665.000       1.0567
 666.000       1.3160
 667.000       1.3442
 668.000       1.1082
 669.000       2.3932
 670.000       1.5380
 671.000       1.0072
 672.000       0.9405
 673.000       1.6714
 674.000       1.1217
 675.000       0.9095
 676.000       0.8997
 677.000       1.0896
 678.000       0.7214
 679.000       0.6680
 680.000       0.6634
 681.000       0.9908
 682.000       0.9277
 683.000       0.6291
 684.000       0.5475
 685.000       0.5680
 686.000       0.6267
 687.000       0.6026
 688.000       0.5841
 689.000       0.5604
 690.000       0.6519
 691.000       0.7152
 692.000       0.6204
 693.000       0.6579
 694.000       0.7180
 695.000       0.7814
 696.000       0.6899
 697.000       0.7535
 698.000       1.3113
 699.000       0.9902
 700.000       0.6945
 701.000       0.8565
 702.000       0.7517
 703.000       0.7543
 704.000       0.7011
 705.000       1.0006
 706.000       0.8176
 707.000       0.7134
 708.000       0.8376
 709.000       1.1757
 710.000       0.9833
 711.000       0.7344
 712.000       0.6788
 713.000       1.2405
 714.000       0.7425
 715.000       0.6545
 716.000       0.7259
 717.000       0.7579
 718.000       0.7150
 719.000       0.7412
 720.000       1.3480
 721.000       0.9729
 722.000       0.9085
 723.000       1.3105
 724.000       0.7981
 725.000       1.1653
 726.000       0.7443
 727.000       0.7152
 728.000       0.7214
 729.000       0.6732
 730.000       1.2378
 731.000       0.7043
 732.000       0.6361
 733.000       0.6592
 734.000       0.7550
 735.000       0.6419
 736.000       0.6423
 737.000       0.9617
 738.000       0.9285
 739.000       0.8683
 740.000       0.8043
 741.000       1.0371
 742.000       0.8056
 743.000       0.6855
 744.000       0.6822
 745.000       0.7732
 746.000       0.9009
 747.000       1.9109
 748.000       3.3587
