#Res        AtomicFlx
 295.000      12.2654
 296.000      10.8354
 297.000      10.3189
 298.000       9.5825
 299.000      10.6325
 300.000      10.1436
 301.000      11.2405
 302.000      12.9479
 303.000      12.7738
 304.000      13.8478
 305.000      11.8899
 306.000      11.6863
 307.000       9.1825
 308.000       7.3669
 309.000       6.1640
 310.000       6.1119
 311.000       5.8457
 312.000       3.5603
 313.000       3.8159
 314.000       1.7864
 315.000       1.5405
 316.000       1.2920
 317.000       2.6100
 318.000       1.5974
 319.000       1.1948
 320.000       1.1593
 321.000       1.4848
 322.000       0.9765
 323.000       0.9042
 324.000       0.8930
 325.000       1.2052
 326.000       0.8255
 327.000       0.7445
 328.000       0.7691
 329.000       1.1354
 330.000       0.7846
 331.000       0.7012
 332.000       0.6747
 333.000       0.7607
 334.000       0.8116
 335.000       0.7197
 336.000       0.7350
 337.000       0.7160
 338.000       0.8168
 339.000       0.8168
 340.000       0.7590
 341.000       0.8000
 342.000       0.8541
 343.000       0.9085
 344.000       0.7761
 345.000       0.8498
 346.000       1.3880
 347.000       1.1094
 348.000       0.8826
 349.000       0.9946
 350.000       0.9004
 351.000       0.8956
 352.000       0.8419
 353.000       1.1338
 354.000       0.9666
 355.000       0.8458
 356.000       0.9894
 357.000       1.3213
 358.000       1.1966
 359.000       0.8768
 360.000       0.8697
 361.000       1.3183
 362.000       0.8636
 363.000       0.8490
 364.000       0.9100
 365.000       0.8603
 366.000       0.8327
 367.000       0.9275
 368.000       1.4696
 369.000       1.1605
 370.000       1.0945
 371.000       1.5321
 372.000       1.0778
 373.000       1.4154
 374.000       1.1151
 375.000       0.9862
 376.000       0.9633
 377.000       0.8908
 378.000       1.3989
 379.000       0.9103
 380.000       0.8193
 381.000       0.8356
 382.000       0.8946
 383.000       0.8248
 384.000       0.8190
 385.000       1.2613
 386.000       1.2468
 387.000       1.0322
 388.000       0.9694
 389.000       1.3592
 390.000       0.9713
 391.000       0.8339
 392.000       0.7841
 393.000       0.9835
 394.000       1.1191
 395.000       2.2550
 396.000       3.5254
