#Res        AtomicFlx
 295.000      14.6965
 296.000      13.3139
 297.000      13.2207
 298.000      11.4766
 299.000      11.4680
 300.000      10.4550
 301.000      10.4620
 302.000      11.7493
 303.000       9.9810
 304.000       9.6858
 305.000       8.0614
 306.000       8.0704
 307.000       7.1348
 308.000       6.8790
 309.000       6.6853
 310.000       6.5670
 311.000       6.2561
 312.000       6.3519
 313.000       6.7963
 314.000       3.7933
 315.000       2.7645
 316.000       2.6262
 317.000       3.9069
 318.000       1.9150
 319.000       1.2470
 320.000       0.8263
 321.000       1.4301
 322.000       0.8137
 323.000       0.7693
 324.000       0.7039
 325.000       1.0288
 326.000       0.6279
 327.000       0.5858
 328.000       0.6137
 329.000       1.0036
 330.000       0.5869
 331.000       0.5706
 332.000       0.5337
 333.000       0.5796
 334.000       0.6247
 335.000       0.5987
 336.000       0.5845
 337.000       0.5597
 338.000       0.6389
 339.000       0.7709
 340.000       0.6122
 341.000       0.6557
 342.000       0.7009
 343.000       0.7857
 344.000       0.6283
 345.000       0.7175
 346.000       1.3173
 347.000       0.9981
 348.000       0.6769
 349.000       0.7911
 350.000       0.7382
 351.000       0.8295
 352.000       0.6727
 353.000       0.9345
 354.000       0.8429
 355.000       0.7226
 356.000       0.8166
 357.000       1.1859
 358.000       1.0405
 359.000       0.7619
 360.000       0.7354
 361.000       1.7647
 362.000       0.8853
 363.000       0.6774
 364.000       0.7240
 365.000       0.7179
 366.000       0.7032
 367.000       0.7281
 368.000       1.1603
 369.000       0.8386
 370.000       0.8720
 371.000       1.3213
 372.000       0.8680
 373.000       1.1925
 374.000       0.8802
 375.000       0.7870
 376.000       0.7866
 377.000       0.7147
 378.000       1.2739
 379.000       0.8892
 380.000       0.6679
 381.000       0.6961
 382.000       0.7841
 383.000       0.7070
 384.000       0.6837
 385.000       1.0583
 386.000       1.1112
 387.000       0.9919
 388.000       0.9067
 389.000       1.3162
 390.000       0.9448
 391.000       0.7203
 392.000       0.7278
 393.000       0.8289
 394.000       0.9569
 395.000       2.0575
 396.000       3.4934
