#Res        AtomicFlx
 647.000       6.5449
 648.000       6.0563
 649.000       7.8449
 650.000       7.8621
 651.000      10.1259
 652.000       9.3482
 653.000       9.7522
 654.000      10.7032
 655.000       9.3435
 656.000      10.1719
 657.000       9.3166
 658.000      10.2134
 659.000       8.0588
 660.000       7.1659
 661.000       6.0030
 662.000       6.3018
 663.000       4.4166
 664.000       3.7508
 665.000       3.8799
 666.000       3.0090
 667.000       2.2090
 668.000       2.1313
 669.000       2.3260
 670.000       1.5383
 671.000       0.9684
 672.000       0.9588
 673.000       1.7861
 674.000       1.0992
 675.000       0.9046
 676.000       0.9360
 677.000       1.1635
 678.000       0.7454
 679.000       0.6727
 680.000       0.6548
 681.000       1.1405
 682.000       0.6558
 683.000       0.6384
 684.000       0.5436
 685.000       0.5891
 686.000       0.6012
 687.000       0.5741
 688.000       0.5773
 689.000       0.5732
 690.000       0.6909
 691.000       0.7339
 692.000       0.6273
 693.000       0.6611
 694.000       0.7356
 695.000       0.7881
 696.000       0.6903
 697.000       0.7812
 698.000       1.3499
 699.000       0.9796
 700.000       0.7122
 701.000       0.8433
 702.000       0.7687
 703.000       0.7616
 704.000       0.7171
 705.000       1.1259
 706.000       0.8456
 707.000       0.7572
 708.000       0.8704
 709.000       1.1588
 710.000       0.9900
 711.000       0.7234
 712.000       0.7098
 713.000       1.6225
 714.000       0.8972
 715.000       0.7068
 716.000       0.7792
 717.000       0.8440
 718.000       0.8036
 719.000       0.8009
 720.000       1.5020
 721.000       1.0115
 722.000       0.9420
 723.000       1.4129
 724.000       0.8198
 725.000       1.2330
 726.000       0.7660
 727.000       0.7713
 728.000       0.7588
 729.000       0.6887
 730.000       1.3136
 731.000       0.8999
 732.000       0.6450
 733.000       0.7722
 734.000       0.7942
 735.000       0.6679
 736.000       0.6622
 737.000       1.0544
 738.000       0.9664
 739.000       1.0408
 740.000       0.8545
 741.000       1.4076
 742.000       0.8446
 743.000       0.6852
 744.000       0.6919
 745.000       0.7968
 746.000       0.9009
 747.000       1.9379
 748.000       3.4441
