#Res        AtomicFlx
 295.000      19.0398
 296.000      17.9259
 297.000      17.4976
 298.000      15.9628
 299.000      15.4900
 300.000      13.8555
 301.000      12.2706
 302.000      10.9060
 303.000       9.8023
 304.000       9.8038
 305.000       9.2445
 306.000      10.1549
 307.000       8.1989
 308.000       7.2342
 309.000       6.4072
 310.000       6.2140
 311.000       4.9196
 312.000       4.0074
 313.000       4.8993
 314.000       4.0248
 315.000       3.3811
 316.000       3.8330
 317.000       3.7554
 318.000       2.2550
 319.000       1.7667
 320.000       1.0338
 321.000       1.3796
 322.000       1.0466
 323.000       0.9000
 324.000       0.8603
 325.000       1.1485
 326.000       0.7914
 327.000       0.7422
 328.000       0.7704
 329.000       1.0992
 330.000       0.7508
 331.000       0.7283
 332.000       0.6991
 333.000       0.7500
 334.000       0.7708
 335.000       0.7409
 336.000       0.7613
 337.000       0.7339
 338.000       0.8117
 339.000       0.8170
 340.000       0.7677
 341.000       0.7955
 342.000       0.8434
 343.000       0.8852
 344.000       0.7650
 345.000       0.8775
 346.000       1.3887
 347.000       1.0442
 348.000       0.7578
 349.000       0.8736
 350.000       0.8254
 351.000       0.8751
 352.000       0.7916
 353.000       1.0540
 354.000       0.8832
 355.000       0.8027
 356.000       0.9281
 357.000       1.2440
 358.000       1.1234
 359.000       0.7888
 360.000       0.7553
 361.000       1.8932
 362.000       0.7666
 363.000       0.7318
 364.000       0.8157
 365.000       0.7712
 366.000       0.7675
 367.000       0.8163
 368.000       1.3956
 369.000       0.8853
 370.000       0.9586
 371.000       1.5081
 372.000       0.8864
 373.000       1.1338
 374.000       0.8656
 375.000       0.8048
 376.000       0.7792
 377.000       0.7432
 378.000       1.2665
 379.000       0.7642
 380.000       0.7088
 381.000       0.7227
 382.000       0.8268
 383.000       0.7180
 384.000       0.6909
 385.000       1.0881
 386.000       1.1302
 387.000       1.4193
 388.000       0.9320
 389.000       1.4477
 390.000       0.9431
 391.000       0.7525
 392.000       0.7424
 393.000       0.8618
 394.000       1.0598
 395.000       2.0868
 396.000       3.7356
