#Res        AtomicFlx
 647.000       6.9135
 648.000       5.9249
 649.000       5.8386
 650.000       6.0931
 651.000       8.2026
 652.000       7.5312
 653.000       8.0853
 654.000       8.9511
 655.000       8.0611
 656.000       8.3036
 657.000       6.2042
 658.000       5.6820
 659.000       3.6996
 660.000       2.7068
 661.000       2.3779
 662.000       1.5919
 663.000       1.4095
 664.000       2.3341
 665.000       3.1074
 666.000       2.2707
 667.000       1.9065
 668.000       1.5167
 669.000       2.3920
 670.000       1.4822
 671.000       0.9149
 672.000       0.8476
 673.000       1.5946
 674.000       1.0342
 675.000       0.8160
 676.000       0.8366
 677.000       1.0544
 678.000       0.6643
 679.000       0.6065
 680.000       0.6315
 681.000       0.9965
 682.000       0.6110
 683.000       0.5936
 684.000       0.5824
 685.000       0.6284
 686.000       0.6219
 687.000       0.6534
 688.000       0.6536
 689.000       0.6566
 690.000       0.7745
 691.000       0.7933
 692.000       0.7720
 693.000       0.7877
 694.000       0.8085
 695.000       0.8656
 696.000       0.7268
 697.000       0.7592
 698.000       1.3220
 699.000       1.0068
 700.000       0.7445
 701.000       0.7909
 702.000       0.7553
 703.000       0.7698
 704.000       0.6965
 705.000       1.0208
 706.000       0.8475
 707.000       0.7232
 708.000       0.8337
 709.000       1.2170
 710.000       1.0436
 711.000       0.7211
 712.000       0.6557
 713.000       1.5693
 714.000       0.7588
 715.000       0.6094
 716.000       0.6708
 717.000       0.6913
 718.000       0.6827
 719.000       0.6793
 720.000       1.2960
 721.000       0.8176
 722.000       0.8115
 723.000       1.3107
 724.000       0.7329
 725.000       1.2014
 726.000       0.7618
 727.000       0.6707
 728.000       0.6645
 729.000       0.6359
 730.000       1.2161
 731.000       0.6204
 732.000       0.5690
 733.000       0.7179
 734.000       0.8374
 735.000       0.6180
 736.000       0.6361
 737.000       1.0668
 738.000       1.3674
 739.000       1.0320
 740.000       0.8951
 741.000       1.3913
 742.000       0.8561
 743.000       0.6689
 744.000       0.6923
 745.000       0.8549
 746.000       0.9310
 747.000       1.8085
 748.000       3.0232
