#Res        AtomicFlx
 295.000       5.5127
 296.000       4.5108
 297.000       3.9927
 298.000       4.0092
 299.000       3.9264
 300.000       4.2318
 301.000       4.7102
 302.000       5.3312
 303.000       5.7289
 304.000       6.2941
 305.000       5.4064
 306.000       5.1418
 307.000       4.0768
 308.000       4.2739
 309.000       4.5258
 310.000       4.0030
 311.000       4.0020
 312.000       2.8617
 313.000       3.1338
 314.000       2.2542
 315.000       1.6664
 316.000       1.5508
 317.000       1.4437
 318.000       1.3463
 319.000       1.0730
 320.000       0.8680
 321.000       1.3039
 322.000       0.8360
 323.000       0.7759
 324.000       0.7518
 325.000       1.1104
 326.000       0.6926
 327.000       0.6226
 328.000       0.6454
 329.000       1.0384
 330.000       0.6479
 331.000       0.5975
 332.000       0.5802
 333.000       0.7460
 334.000       0.6558
 335.000       0.6206
 336.000       0.6378
 337.000       0.6326
 338.000       0.7609
 339.000       0.7481
 340.000       0.6841
 341.000       0.7331
 342.000       0.7793
 343.000       0.8602
 344.000       0.6931
 345.000       0.7879
 346.000       1.1654
 347.000       0.9954
 348.000       0.7034
 349.000       0.9115
 350.000       0.7862
 351.000       0.8418
 352.000       0.6931
 353.000       1.0479
 354.000       0.9184
 355.000       0.7558
 356.000       0.8245
 357.000       1.3311
 358.000       1.1414
 359.000       0.7017
 360.000       0.6889
 361.000       1.6110
 362.000       0.7139
 363.000       0.6435
 364.000       0.7103
 365.000       0.7201
 366.000       0.6973
 367.000       0.7263
 368.000       1.3572
 369.000       0.8930
 370.000       0.9176
 371.000       1.4002
 372.000       0.8157
 373.000       1.1638
 374.000       0.7817
 375.000       0.7115
 376.000       0.7042
 377.000       0.6748
 378.000       1.2410
 379.000       0.6980
 380.000       0.6090
 381.000       0.6781
 382.000       0.7589
 383.000       0.6432
 384.000       0.6255
 385.000       0.9886
 386.000       0.8712
 387.000       0.9796
 388.000       0.8594
 389.000       1.3175
 390.000       0.7390
 391.000       0.6610
 392.000       0.7614
 393.000       0.7895
 394.000       0.8899
 395.000       1.7301
 396.000       3.0677
