#Res        AtomicFlx
 647.000       5.8914
 648.000       4.5619
 649.000       4.9618
 650.000       4.8199
 651.000       6.8008
 652.000       7.0178
 653.000       7.6608
 654.000       7.8574
 655.000       7.4801
 656.000       8.0763
 657.000       7.6373
 658.000       8.9204
 659.000       6.5893
 660.000       5.4178
 661.000       4.4191
 662.000       3.9836
 663.000       3.3766
 664.000       2.6291
 665.000       2.4361
 666.000       2.5637
 667.000       1.8805
 668.000       1.8949
 669.000       2.2780
 670.000       1.3573
 671.000       0.8964
 672.000       0.8797
 673.000       1.5850
 674.000       1.0311
 675.000       0.8381
 676.000       0.8020
 677.000       1.0819
 678.000       0.6770
 679.000       0.6391
 680.000       0.6486
 681.000       1.2133
 682.000       0.6363
 683.000       0.6468
 684.000       0.6054
 685.000       0.6475
 686.000       0.6600
 687.000       0.6519
 688.000       0.6630
 689.000       0.6526
 690.000       0.7733
 691.000       0.7678
 692.000       0.6671
 693.000       0.6829
 694.000       0.7397
 695.000       0.8131
 696.000       0.6912
 697.000       0.7608
 698.000       1.3707
 699.000       1.0498
 700.000       0.6896
 701.000       0.8071
 702.000       0.7715
 703.000       0.8215
 704.000       0.7013
 705.000       1.1572
 706.000       0.8810
 707.000       0.7132
 708.000       0.8036
 709.000       1.1076
 710.000       1.1141
 711.000       0.6676
 712.000       0.6323
 713.000       1.7620
 714.000       0.6478
 715.000       0.5828
 716.000       0.6277
 717.000       0.6360
 718.000       0.6059
 719.000       0.6444
 720.000       1.1158
 721.000       0.7656
 722.000       0.8257
 723.000       1.3057
 724.000       0.7221
 725.000       0.8593
 726.000       0.6711
 727.000       0.6388
 728.000       0.6644
 729.000       0.6185
 730.000       1.1981
 731.000       0.7535
 732.000       0.5772
 733.000       0.6005
 734.000       0.6577
 735.000       0.5843
 736.000       0.6043
 737.000       0.8779
 738.000       0.9603
 739.000       0.8212
 740.000       0.8521
 741.000       1.3265
 742.000       1.0070
 743.000       0.6495
 744.000       0.6801
 745.000       0.8239
 746.000       0.9483
 747.000       1.8297
 748.000       3.2821
