#Frame   AVERAGE_00010 AVERAGE_00010[SD]
       1        5.1084            1.7352
       2        4.5415            1.3023
       3        5.7671            1.1008
       4        5.7240            1.3410
       5        7.8679            1.5494
       6        7.3869            1.0675
       7        7.7979            1.1088
       8        8.6724            1.1078
       9        7.6679            1.1049
      10        8.1466            1.3612
      11        7.1367            1.4315
      12        7.5890            1.8519
      13        5.5305            1.8653
      14        4.6136            1.8962
      15        3.9208            1.5597
      16        3.6752            1.9397
      17        3.2590            1.4686
      18        3.1956            1.1810
      19        3.1063            1.3440
      20        2.7883            1.1410
      21        2.2608            0.8959
      22        2.0534            0.8549
      23        2.6010            0.5092
      24        1.6239            0.2973
      25        0.9890            0.0931
      26        0.9331            0.0664
      27        1.6279            0.0955
      28        1.0457            0.0627
      29        0.8703            0.0371
      30        0.8733            0.0478
      31        1.1172            0.0536
      32        0.7328            0.0683
      33        0.6796            0.0701
      34        0.6869            0.0753
      35        1.1073            0.0958
      36        0.7338            0.1259
      37        0.6580            0.0646
      38        0.6078            0.0794
      39        0.6500            0.0880
      40        0.6534            0.0552
      41        0.6515            0.0689
      42        0.6551            0.0793
      43        0.6484            0.0850
      44        0.7622            0.0922
      45        0.7874            0.0748
      46        0.7131            0.0990
      47        0.7394            0.0965
      48        0.7900            0.0849
      49        0.8448            0.0720
      50        0.7342            0.0707
      51        0.7985            0.0702
      52        1.3549            0.0389
      53        1.0257            0.0450
      54        0.7330            0.0495
      55        0.8403            0.0395
      56        0.7786            0.0345
      57        0.7943            0.0421
      58        0.7235            0.0397
      59        1.0744            0.0598
      60        0.8642            0.0382
      61        0.7359            0.0244
      62        0.8477            0.0310
      63        1.1838            0.0518
      64        1.0561            0.0661
      65        0.7183            0.0268
      66        0.6849            0.0406
      67        1.5186            0.1813
      68        0.7686            0.0809
      69        0.6473            0.0457
      70        0.7268            0.0727
      71        0.7525            0.0803
      72        0.7149            0.0686
      73        0.7475            0.0820
      74        1.3502            0.1416
      75        0.9743            0.1887
      76        0.9185            0.1054
      77        1.3808            0.1002
      78        0.8114            0.0941
      79        1.1914            0.2034
      80        0.7671            0.0714
      81        0.7275            0.0723
      82        0.7220            0.0533
      83        0.6696            0.0400
      84        1.2522            0.0448
      85        0.7711            0.1052
      86        0.6130            0.0328
      87        0.6865            0.0574
      88        0.7788            0.0692
      89        0.6278            0.0276
      90        0.6366            0.0186
      91        0.9910            0.0684
      92        1.1001            0.1844
      93        0.9466            0.0879
      94        0.8512            0.0288
      95        1.3004            0.1351
      96        0.8817            0.0689
      97        0.6823            0.0239
      98        0.6941            0.0158
      99        0.8225            0.0342
     100        0.9363            0.0369
     101        1.8862            0.0563
     102        3.3588            0.2158
