#Frame   AVERAGE_00010 AVERAGE_00010[SD]
       1       10.9452            5.8422
       2        9.8716            5.5999
       3        9.4572            5.6793
       4        8.7352            4.8969
       5        9.1091            4.5005
       6        8.6155            3.7479
       7        8.9219            3.0224
       8        9.8732            2.7110
       9        9.2047            2.3636
      10        9.6386            2.4533
      11        8.4416            2.1256
      12        8.6786            2.2009
      13        7.3144            1.7452
      14        6.8116            1.3534
      15        6.2630            0.9837
      16        6.1265            1.2087
      17        5.1476            0.8084
      18        4.5732            1.3945
      19        4.9837            1.3958
      20        3.2417            1.0235
      21        2.6710            0.9563
      22        2.5564            1.0097
      23        3.0194            0.9067
      24        1.7711            0.3054
      25        1.2958            0.2423
      26        0.9938            0.1269
      27        1.4221            0.0746
      28        0.9267            0.0883
      29        0.8495            0.0628
      30        0.8061            0.0694
      31        1.1222            0.0574
      32        0.7359            0.0703
      33        0.6748            0.0633
      34        0.7080            0.0657
      35        1.1033            0.0824
      36        0.6888            0.0711
      37        0.6524            0.0600
      38        0.6314            0.0634
      39        0.7136            0.0676
      40        0.7074            0.0714
      41        0.6722            0.0550
      42        0.6903            0.0675
      43        0.6762            0.0698
      44        0.7696            0.0688
      45        0.8003            0.0360
      46        0.7237            0.0669
      47        0.7692            0.0699
      48        0.8145            0.0678
      49        0.8814            0.0596
      50        0.7398            0.0719
      51        0.8251            0.0647
      52        1.3437            0.0998
      53        1.0599            0.0620
      54        0.7682            0.0754
      55        0.8916            0.0655
      56        0.8215            0.0560
      57        0.8617            0.0236
      58        0.7459            0.0628
      59        1.0483            0.0645
      60        0.8932            0.0450
      61        0.7709            0.0470
      62        0.8698            0.0760
      63        1.2576            0.0592
      64        1.0946            0.0794
      65        0.7700            0.0615
      66        0.7516            0.0633
      67        1.5536            0.2674
      68        0.7927            0.0692
      69        0.7142            0.0733
      70        0.7808            0.0741
      71        0.7623            0.0526
      72        0.7418            0.0520
      73        0.7906            0.0758
      74        1.3332            0.1053
      75        0.9234            0.1207
      76        0.9407            0.0844
      77        1.4151            0.0912
      78        0.8886            0.1003
      79        1.1972            0.1152
      80        0.8854            0.1218
      81        0.8073            0.0951
      82        0.7930            0.0904
      83        0.7384            0.0809
      84        1.2773            0.0652
      85        0.7964            0.0873
      86        0.6896            0.0726
      87        0.7200            0.0607
      88        0.7967            0.0601
      89        0.7053            0.0685
      90        0.6903            0.0695
      91        1.0652            0.1125
      92        1.0771            0.1247
      93        1.0527            0.1944
      94        0.8887            0.0668
      95        1.3147            0.1027
      96        0.8785            0.0936
      97        0.7180            0.0736
      98        0.7284            0.0544
      99        0.8569            0.0673
     100        0.9998            0.0806
     101        2.0140            0.1739
     102        3.4362            0.2203
